0.00000e+00	0.00000e+00	0.00000e+00	0.00000e+00	0.00000e+00	0.00000e+00	0.00000e+00	0.00000e+00	0.00000e+00	0.00000e+00	0.00000e+00	0.00000e+00	0.00000e+00	0.00000e+00	0.00000e+00	0.00000e+00	0.00000e+00	0.00000e+00	0.00000e+00	0.00000e+00	0.00000e+00	0.00000e+00	0.00000e+00	0.00000e+00	0.00000e+00	0.00000e+00	0.00000e+00	0.00000e+00	0.00000e+00	0.00000e+00	0.00000e+00	0.00000e+00	0.00000e+00	0.00000e+00	0.00000e+00	0.00000e+00	0.00000e+00	0.00000e+00	0.00000e+00	0.00000e+00	0.00000e+00	0.00000e+00	0.00000e+00	0.00000e+00	
3.75000e-08	3.75000e-08	3.75000e-08	3.75000e-08	3.75000e-08	3.75000e-08	3.75000e-08	3.75000e-08	3.75000e-08	3.75000e-08	3.75000e-08	3.75000e-08	3.75000e-08	3.75000e-08	3.75000e-08	3.75000e-08	3.75000e-08	3.75000e-08	3.75000e-08	3.75000e-08	3.75000e-08	3.75000e-08	3.75000e-08	3.75000e-08	3.75000e-08	3.75000e-08	3.75000e-08	3.75000e-08	3.75000e-08	3.75000e-08	3.75000e-08	3.75000e-08	3.75000e-08	3.75000e-08	3.75000e-08	3.75000e-08	3.75000e-08	3.75000e-08	3.75000e-08	3.75000e-08	3.75000e-08	3.75000e-08	3.75000e-08	3.75000e-08	
7.50000e-08	7.50000e-08	7.50000e-08	7.50000e-08	7.50000e-08	7.50000e-08	7.50000e-08	7.50000e-08	7.50000e-08	7.50000e-08	7.50000e-08	7.50000e-08	7.50000e-08	7.50000e-08	7.50000e-08	7.50000e-08	7.50000e-08	7.50000e-08	7.50000e-08	7.50000e-08	7.50000e-08	7.50000e-08	7.50000e-08	7.50000e-08	7.50000e-08	7.50000e-08	7.50000e-08	7.50000e-08	7.50000e-08	7.50000e-08	7.50000e-08	7.50000e-08	7.50000e-08	7.50000e-08	7.50000e-08	7.50000e-08	7.50000e-08	7.50000e-08	7.50000e-08	7.50000e-08	7.50000e-08	7.50000e-08	7.50000e-08	7.50000e-08	
2.75000e-07	2.75000e-07	2.75000e-07	2.75000e-07	2.75000e-07	2.75000e-07	2.75000e-07	2.75000e-07	2.75000e-07	2.75000e-07	2.75000e-07	2.75000e-07	2.75000e-07	2.75000e-07	2.75000e-07	2.75000e-07	2.75000e-07	2.75000e-07	2.75000e-07	2.75000e-07	2.75000e-07	2.75000e-07	2.75000e-07	2.75000e-07	2.75000e-07	2.75000e-07	2.75000e-07	2.75000e-07	2.75000e-07	2.75000e-07	2.75000e-07	2.75000e-07	2.75000e-07	2.75000e-07	2.75000e-07	2.75000e-07	2.75000e-07	2.75000e-07	2.75000e-07	2.75000e-07	2.75000e-07	2.75000e-07	2.75000e-07	2.75000e-07	
4.75000e-07	4.75000e-07	4.75000e-07	4.75000e-07	4.75000e-07	4.75000e-07	4.75000e-07	4.75000e-07	4.75000e-07	4.75000e-07	4.75000e-07	4.75000e-07	4.75000e-07	4.75000e-07	4.75000e-07	4.75000e-07	4.75000e-07	4.75000e-07	4.75000e-07	4.75000e-07	4.75000e-07	4.75000e-07	4.75000e-07	4.75000e-07	4.75000e-07	4.75000e-07	4.75000e-07	4.75000e-07	4.75000e-07	4.75000e-07	4.75000e-07	4.75000e-07	4.75000e-07	4.75000e-07	4.75000e-07	4.75000e-07	4.75000e-07	4.75000e-07	4.75000e-07	4.75000e-07	4.75000e-07	4.75000e-07	4.75000e-07	4.75000e-07	
6.75000e-07	6.75000e-07	6.75000e-07	6.75000e-07	6.75000e-07	6.75000e-07	6.75000e-07	6.75000e-07	6.75000e-07	6.75000e-07	6.75000e-07	6.75000e-07	6.75000e-07	6.75000e-07	6.75000e-07	6.75000e-07	6.75000e-07	6.75000e-07	6.75000e-07	6.75000e-07	6.75000e-07	6.75000e-07	6.75000e-07	6.75000e-07	6.75000e-07	6.75000e-07	6.75000e-07	6.75000e-07	6.75000e-07	6.75000e-07	6.75000e-07	6.75000e-07	6.75000e-07	6.75000e-07	6.75000e-07	6.75000e-07	6.75000e-07	6.75000e-07	6.75000e-07	6.75000e-07	6.75000e-07	6.75000e-07	6.75000e-07	6.75000e-07	
8.75000e-07	8.75000e-07	8.75000e-07	8.75000e-07	8.75000e-07	8.75000e-07	8.75000e-07	8.75000e-07	8.75000e-07	8.75000e-07	8.75000e-07	8.75000e-07	8.75000e-07	8.75000e-07	8.75000e-07	8.75000e-07	8.75000e-07	8.75000e-07	8.75000e-07	8.75000e-07	8.75000e-07	8.75000e-07	8.75000e-07	8.75000e-07	8.75000e-07	8.75000e-07	8.75000e-07	8.75000e-07	8.75000e-07	8.75000e-07	8.75000e-07	8.75000e-07	8.75000e-07	8.75000e-07	8.75000e-07	8.75000e-07	8.75000e-07	8.75000e-07	8.75000e-07	8.75000e-07	8.75000e-07	8.75000e-07	8.75000e-07	8.75000e-07	
9.12500e-07	9.12500e-07	9.12500e-07	9.12500e-07	9.12500e-07	9.12500e-07	9.12500e-07	9.12500e-07	9.12500e-07	9.12500e-07	9.12500e-07	9.12500e-07	9.12500e-07	9.12500e-07	9.12500e-07	9.12500e-07	9.12500e-07	9.12500e-07	9.12500e-07	9.12500e-07	9.12500e-07	9.12500e-07	9.12500e-07	9.12500e-07	9.12500e-07	9.12500e-07	9.12500e-07	9.12500e-07	9.12500e-07	9.12500e-07	9.12500e-07	9.12500e-07	9.12500e-07	9.12500e-07	9.12500e-07	9.12500e-07	9.12500e-07	9.12500e-07	9.12500e-07	9.12500e-07	9.12500e-07	9.12500e-07	9.12500e-07	9.12500e-07	
9.50000e-07	9.50000e-07	9.50000e-07	9.50000e-07	9.50000e-07	9.50000e-07	9.50000e-07	9.50000e-07	9.50000e-07	9.50000e-07	9.50000e-07	9.50000e-07	9.50000e-07	9.50000e-07	9.50000e-07	9.50000e-07	9.50000e-07	9.50000e-07	9.50000e-07	9.50000e-07	9.50000e-07	9.50000e-07	9.50000e-07	9.50000e-07	9.50000e-07	9.50000e-07	9.50000e-07	9.50000e-07	9.50000e-07	9.50000e-07	9.50000e-07	9.50000e-07	9.50000e-07	9.50000e-07	9.50000e-07	9.50000e-07	9.50000e-07	9.50000e-07	9.50000e-07	9.50000e-07	9.50000e-07	9.50000e-07	9.50000e-07	9.50000e-07	
1.15000e-06	1.15000e-06	1.15000e-06	1.15000e-06	1.15000e-06	1.15000e-06	1.15000e-06	1.15000e-06	1.15000e-06	1.15000e-06	1.15000e-06	1.15000e-06	1.15000e-06	1.15000e-06	1.15000e-06	1.15000e-06	1.15000e-06	1.15000e-06	1.15000e-06	1.15000e-06	1.15000e-06	1.15000e-06	1.15000e-06	1.15000e-06	1.15000e-06	1.15000e-06	1.15000e-06	1.15000e-06	1.15000e-06	1.15000e-06	1.15000e-06	1.15000e-06	1.15000e-06	1.15000e-06	1.15000e-06	1.15000e-06	1.15000e-06	1.15000e-06	1.15000e-06	1.15000e-06	1.15000e-06	1.15000e-06	1.15000e-06	1.15000e-06	
1.35000e-06	1.35000e-06	1.35000e-06	1.35000e-06	1.35000e-06	1.35000e-06	1.35000e-06	1.35000e-06	1.35000e-06	1.35000e-06	1.35000e-06	1.35000e-06	1.35000e-06	1.35000e-06	1.35000e-06	1.35000e-06	1.35000e-06	1.35000e-06	1.35000e-06	1.35000e-06	1.35000e-06	1.35000e-06	1.35000e-06	1.35000e-06	1.35000e-06	1.35000e-06	1.35000e-06	1.35000e-06	1.35000e-06	1.35000e-06	1.35000e-06	1.35000e-06	1.35000e-06	1.35000e-06	1.35000e-06	1.35000e-06	1.35000e-06	1.35000e-06	1.35000e-06	1.35000e-06	1.35000e-06	1.35000e-06	1.35000e-06	1.35000e-06	
1.55000e-06	1.55000e-06	1.55000e-06	1.55000e-06	1.55000e-06	1.55000e-06	1.55000e-06	1.55000e-06	1.55000e-06	1.55000e-06	1.55000e-06	1.55000e-06	1.55000e-06	1.55000e-06	1.55000e-06	1.55000e-06	1.55000e-06	1.55000e-06	1.55000e-06	1.55000e-06	1.55000e-06	1.55000e-06	1.55000e-06	1.55000e-06	1.55000e-06	1.55000e-06	1.55000e-06	1.55000e-06	1.55000e-06	1.55000e-06	1.55000e-06	1.55000e-06	1.55000e-06	1.55000e-06	1.55000e-06	1.55000e-06	1.55000e-06	1.55000e-06	1.55000e-06	1.55000e-06	1.55000e-06	1.55000e-06	1.55000e-06	1.55000e-06	
1.75000e-06	1.75000e-06	1.75000e-06	1.75000e-06	1.75000e-06	1.75000e-06	1.75000e-06	1.75000e-06	1.75000e-06	1.75000e-06	1.75000e-06	1.75000e-06	1.75000e-06	1.75000e-06	1.75000e-06	1.75000e-06	1.75000e-06	1.75000e-06	1.75000e-06	1.75000e-06	1.75000e-06	1.75000e-06	1.75000e-06	1.75000e-06	1.75000e-06	1.75000e-06	1.75000e-06	1.75000e-06	1.75000e-06	1.75000e-06	1.75000e-06	1.75000e-06	1.75000e-06	1.75000e-06	1.75000e-06	1.75000e-06	1.75000e-06	1.75000e-06	1.75000e-06	1.75000e-06	1.75000e-06	1.75000e-06	1.75000e-06	1.75000e-06	
1.78750e-06	1.78750e-06	1.78750e-06	1.78750e-06	1.78750e-06	1.78750e-06	1.78750e-06	1.78750e-06	1.78750e-06	1.78750e-06	1.78750e-06	1.78750e-06	1.78750e-06	1.78750e-06	1.78750e-06	1.78750e-06	1.78750e-06	1.78750e-06	1.78750e-06	1.78750e-06	1.78750e-06	1.78750e-06	1.78750e-06	1.78750e-06	1.78750e-06	1.78750e-06	1.78750e-06	1.78750e-06	1.78750e-06	1.78750e-06	1.78750e-06	1.78750e-06	1.78750e-06	1.78750e-06	1.78750e-06	1.78750e-06	1.78750e-06	1.78750e-06	1.78750e-06	1.78750e-06	1.78750e-06	1.78750e-06	1.78750e-06	1.78750e-06	
1.82500e-06	1.82500e-06	1.82500e-06	1.82500e-06	1.82500e-06	1.82500e-06	1.82500e-06	1.82500e-06	1.82500e-06	1.82500e-06	1.82500e-06	1.82500e-06	1.82500e-06	1.82500e-06	1.82500e-06	1.82500e-06	1.82500e-06	1.82500e-06	1.82500e-06	1.82500e-06	1.82500e-06	1.82500e-06	1.82500e-06	1.82500e-06	1.82500e-06	1.82500e-06	1.82500e-06	1.82500e-06	1.82500e-06	1.82500e-06	1.82500e-06	1.82500e-06	1.82500e-06	1.82500e-06	1.82500e-06	1.82500e-06	1.82500e-06	1.82500e-06	1.82500e-06	1.82500e-06	1.82500e-06	1.82500e-06	1.82500e-06	1.82500e-06	
2.02500e-06	2.02500e-06	2.02500e-06	2.02500e-06	2.02500e-06	2.02500e-06	2.02500e-06	2.02500e-06	2.02500e-06	2.02500e-06	2.02500e-06	2.02500e-06	2.02500e-06	2.02500e-06	2.02500e-06	2.02500e-06	2.02500e-06	2.02500e-06	2.02500e-06	2.02500e-06	2.02500e-06	2.02500e-06	2.02500e-06	2.02500e-06	2.02500e-06	2.02500e-06	2.02500e-06	2.02500e-06	2.02500e-06	2.02500e-06	2.02500e-06	2.02500e-06	2.02500e-06	2.02500e-06	2.02500e-06	2.02500e-06	2.02500e-06	2.02500e-06	2.02500e-06	2.02500e-06	2.02500e-06	2.02500e-06	2.02500e-06	2.02500e-06	
2.22500e-06	2.22500e-06	2.22500e-06	2.22500e-06	2.22500e-06	2.22500e-06	2.22500e-06	2.22500e-06	2.22500e-06	2.22500e-06	2.22500e-06	2.22500e-06	2.22500e-06	2.22500e-06	2.22500e-06	2.22500e-06	2.22500e-06	2.22500e-06	2.22500e-06	2.22500e-06	2.22500e-06	2.22500e-06	2.22500e-06	2.22500e-06	2.22500e-06	2.22500e-06	2.22500e-06	2.22500e-06	2.22500e-06	2.22500e-06	2.22500e-06	2.22500e-06	2.22500e-06	2.22500e-06	2.22500e-06	2.22500e-06	2.22500e-06	2.22500e-06	2.22500e-06	2.22500e-06	2.22500e-06	2.22500e-06	2.22500e-06	2.22500e-06	
2.42500e-06	2.42500e-06	2.42500e-06	2.42500e-06	2.42500e-06	2.42500e-06	2.42500e-06	2.42500e-06	2.42500e-06	2.42500e-06	2.42500e-06	2.42500e-06	2.42500e-06	2.42500e-06	2.42500e-06	2.42500e-06	2.42500e-06	2.42500e-06	2.42500e-06	2.42500e-06	2.42500e-06	2.42500e-06	2.42500e-06	2.42500e-06	2.42500e-06	2.42500e-06	2.42500e-06	2.42500e-06	2.42500e-06	2.42500e-06	2.42500e-06	2.42500e-06	2.42500e-06	2.42500e-06	2.42500e-06	2.42500e-06	2.42500e-06	2.42500e-06	2.42500e-06	2.42500e-06	2.42500e-06	2.42500e-06	2.42500e-06	2.42500e-06	
2.62500e-06	2.62500e-06	2.62500e-06	2.62500e-06	2.62500e-06	2.62500e-06	2.62500e-06	2.62500e-06	2.62500e-06	2.62500e-06	2.62500e-06	2.62500e-06	2.62500e-06	2.62500e-06	2.62500e-06	2.62500e-06	2.62500e-06	2.62500e-06	2.62500e-06	2.62500e-06	2.62500e-06	2.62500e-06	2.62500e-06	2.62500e-06	2.62500e-06	2.62500e-06	2.62500e-06	2.62500e-06	2.62500e-06	2.62500e-06	2.62500e-06	2.62500e-06	2.62500e-06	2.62500e-06	2.62500e-06	2.62500e-06	2.62500e-06	2.62500e-06	2.62500e-06	2.62500e-06	2.62500e-06	2.62500e-06	2.62500e-06	2.62500e-06	
2.66250e-06	2.66250e-06	2.66250e-06	2.66250e-06	2.66250e-06	2.66250e-06	2.66250e-06	2.66250e-06	2.66250e-06	2.66250e-06	2.66250e-06	2.66250e-06	2.66250e-06	2.66250e-06	2.66250e-06	2.66250e-06	2.66250e-06	2.66250e-06	2.66250e-06	2.66250e-06	2.66250e-06	2.66250e-06	2.66250e-06	2.66250e-06	2.66250e-06	2.66250e-06	2.66250e-06	2.66250e-06	2.66250e-06	2.66250e-06	2.66250e-06	2.66250e-06	2.66250e-06	2.66250e-06	2.66250e-06	2.66250e-06	2.66250e-06	2.66250e-06	2.66250e-06	2.66250e-06	2.66250e-06	2.66250e-06	2.66250e-06	2.66250e-06	
2.70000e-06	2.70000e-06	2.70000e-06	2.70000e-06	2.70000e-06	2.70000e-06	2.70000e-06	2.70000e-06	2.70000e-06	2.70000e-06	2.70000e-06	2.70000e-06	2.70000e-06	2.70000e-06	2.70000e-06	2.70000e-06	2.70000e-06	2.70000e-06	2.70000e-06	2.70000e-06	2.70000e-06	2.70000e-06	2.70000e-06	2.70000e-06	2.70000e-06	2.70000e-06	2.70000e-06	2.70000e-06	2.70000e-06	2.70000e-06	2.70000e-06	2.70000e-06	2.70000e-06	2.70000e-06	2.70000e-06	2.70000e-06	2.70000e-06	2.70000e-06	2.70000e-06	2.70000e-06	2.70000e-06	2.70000e-06	2.70000e-06	2.70000e-06	
2.90000e-06	2.90000e-06	2.90000e-06	2.90000e-06	2.90000e-06	2.90000e-06	2.90000e-06	2.90000e-06	2.90000e-06	2.90000e-06	2.90000e-06	2.90000e-06	2.90000e-06	2.90000e-06	2.90000e-06	2.90000e-06	2.90000e-06	2.90000e-06	2.90000e-06	2.90000e-06	2.90000e-06	2.90000e-06	2.90000e-06	2.90000e-06	2.90000e-06	2.90000e-06	2.90000e-06	2.90000e-06	2.90000e-06	2.90000e-06	2.90000e-06	2.90000e-06	2.90000e-06	2.90000e-06	2.90000e-06	2.90000e-06	2.90000e-06	2.90000e-06	2.90000e-06	2.90000e-06	2.90000e-06	2.90000e-06	2.90000e-06	2.90000e-06	
3.10000e-06	3.10000e-06	3.10000e-06	3.10000e-06	3.10000e-06	3.10000e-06	3.10000e-06	3.10000e-06	3.10000e-06	3.10000e-06	3.10000e-06	3.10000e-06	3.10000e-06	3.10000e-06	3.10000e-06	3.10000e-06	3.10000e-06	3.10000e-06	3.10000e-06	3.10000e-06	3.10000e-06	3.10000e-06	3.10000e-06	3.10000e-06	3.10000e-06	3.10000e-06	3.10000e-06	3.10000e-06	3.10000e-06	3.10000e-06	3.10000e-06	3.10000e-06	3.10000e-06	3.10000e-06	3.10000e-06	3.10000e-06	3.10000e-06	3.10000e-06	3.10000e-06	3.10000e-06	3.10000e-06	3.10000e-06	3.10000e-06	3.10000e-06	
3.30000e-06	3.30000e-06	3.30000e-06	3.30000e-06	3.30000e-06	3.30000e-06	3.30000e-06	3.30000e-06	3.30000e-06	3.30000e-06	3.30000e-06	3.30000e-06	3.30000e-06	3.30000e-06	3.30000e-06	3.30000e-06	3.30000e-06	3.30000e-06	3.30000e-06	3.30000e-06	3.30000e-06	3.30000e-06	3.30000e-06	3.30000e-06	3.30000e-06	3.30000e-06	3.30000e-06	3.30000e-06	3.30000e-06	3.30000e-06	3.30000e-06	3.30000e-06	3.30000e-06	3.30000e-06	3.30000e-06	3.30000e-06	3.30000e-06	3.30000e-06	3.30000e-06	3.30000e-06	3.30000e-06	3.30000e-06	3.30000e-06	3.30000e-06	
3.50000e-06	3.50000e-06	3.50000e-06	3.50000e-06	3.50000e-06	3.50000e-06	3.50000e-06	3.50000e-06	3.50000e-06	3.50000e-06	3.50000e-06	3.50000e-06	3.50000e-06	3.50000e-06	3.50000e-06	3.50000e-06	3.50000e-06	3.50000e-06	3.50000e-06	3.50000e-06	3.50000e-06	3.50000e-06	3.50000e-06	3.50000e-06	3.50000e-06	3.50000e-06	3.50000e-06	3.50000e-06	3.50000e-06	3.50000e-06	3.50000e-06	3.50000e-06	3.50000e-06	3.50000e-06	3.50000e-06	3.50000e-06	3.50000e-06	3.50000e-06	3.50000e-06	3.50000e-06	3.50000e-06	3.50000e-06	3.50000e-06	3.50000e-06	
3.53750e-06	3.53750e-06	3.53750e-06	3.53750e-06	3.53750e-06	3.53750e-06	3.53750e-06	3.53750e-06	3.53750e-06	3.53750e-06	3.53750e-06	3.53750e-06	3.53750e-06	3.53750e-06	3.53750e-06	3.53750e-06	3.53750e-06	3.53750e-06	3.53750e-06	3.53750e-06	3.53750e-06	3.53750e-06	3.53750e-06	3.53750e-06	3.53750e-06	3.53750e-06	3.53750e-06	3.53750e-06	3.53750e-06	3.53750e-06	3.53750e-06	3.53750e-06	3.53750e-06	3.53750e-06	3.53750e-06	3.53750e-06	3.53750e-06	3.53750e-06	3.53750e-06	3.53750e-06	3.53750e-06	3.53750e-06	3.53750e-06	3.53750e-06	
3.57500e-06	3.57500e-06	3.57500e-06	3.57500e-06	3.57500e-06	3.57500e-06	3.57500e-06	3.57500e-06	3.57500e-06	3.57500e-06	3.57500e-06	3.57500e-06	3.57500e-06	3.57500e-06	3.57500e-06	3.57500e-06	3.57500e-06	3.57500e-06	3.57500e-06	3.57500e-06	3.57500e-06	3.57500e-06	3.57500e-06	3.57500e-06	3.57500e-06	3.57500e-06	3.57500e-06	3.57500e-06	3.57500e-06	3.57500e-06	3.57500e-06	3.57500e-06	3.57500e-06	3.57500e-06	3.57500e-06	3.57500e-06	3.57500e-06	3.57500e-06	3.57500e-06	3.57500e-06	3.57500e-06	3.57500e-06	3.57500e-06	3.57500e-06	
3.77500e-06	3.77500e-06	3.77500e-06	3.77500e-06	3.77500e-06	3.77500e-06	3.77500e-06	3.77500e-06	3.77500e-06	3.77500e-06	3.77500e-06	3.77500e-06	3.77500e-06	3.77500e-06	3.77500e-06	3.77500e-06	3.77500e-06	3.77500e-06	3.77500e-06	3.77500e-06	3.77500e-06	3.77500e-06	3.77500e-06	3.77500e-06	3.77500e-06	3.77500e-06	3.77500e-06	3.77500e-06	3.77500e-06	3.77500e-06	3.77500e-06	3.77500e-06	3.77500e-06	3.77500e-06	3.77500e-06	3.77500e-06	3.77500e-06	3.77500e-06	3.77500e-06	3.77500e-06	3.77500e-06	3.77500e-06	3.77500e-06	3.77500e-06	
3.97500e-06	3.97500e-06	3.97500e-06	3.97500e-06	3.97500e-06	3.97500e-06	3.97500e-06	3.97500e-06	3.97500e-06	3.97500e-06	3.97500e-06	3.97500e-06	3.97500e-06	3.97500e-06	3.97500e-06	3.97500e-06	3.97500e-06	3.97500e-06	3.97500e-06	3.97500e-06	3.97500e-06	3.97500e-06	3.97500e-06	3.97500e-06	3.97500e-06	3.97500e-06	3.97500e-06	3.97500e-06	3.97500e-06	3.97500e-06	3.97500e-06	3.97500e-06	3.97500e-06	3.97500e-06	3.97500e-06	3.97500e-06	3.97500e-06	3.97500e-06	3.97500e-06	3.97500e-06	3.97500e-06	3.97500e-06	3.97500e-06	3.97500e-06	
4.17500e-06	4.17500e-06	4.17500e-06	4.17500e-06	4.17500e-06	4.17500e-06	4.17500e-06	4.17500e-06	4.17500e-06	4.17500e-06	4.17500e-06	4.17500e-06	4.17500e-06	4.17500e-06	4.17500e-06	4.17500e-06	4.17500e-06	4.17500e-06	4.17500e-06	4.17500e-06	4.17500e-06	4.17500e-06	4.17500e-06	4.17500e-06	4.17500e-06	4.17500e-06	4.17500e-06	4.17500e-06	4.17500e-06	4.17500e-06	4.17500e-06	4.17500e-06	4.17500e-06	4.17500e-06	4.17500e-06	4.17500e-06	4.17500e-06	4.17500e-06	4.17500e-06	4.17500e-06	4.17500e-06	4.17500e-06	4.17500e-06	4.17500e-06	
4.37500e-06	4.37500e-06	4.37500e-06	4.37500e-06	4.37500e-06	4.37500e-06	4.37500e-06	4.37500e-06	4.37500e-06	4.37500e-06	4.37500e-06	4.37500e-06	4.37500e-06	4.37500e-06	4.37500e-06	4.37500e-06	4.37500e-06	4.37500e-06	4.37500e-06	4.37500e-06	4.37500e-06	4.37500e-06	4.37500e-06	4.37500e-06	4.37500e-06	4.37500e-06	4.37500e-06	4.37500e-06	4.37500e-06	4.37500e-06	4.37500e-06	4.37500e-06	4.37500e-06	4.37500e-06	4.37500e-06	4.37500e-06	4.37500e-06	4.37500e-06	4.37500e-06	4.37500e-06	4.37500e-06	4.37500e-06	4.37500e-06	4.37500e-06	
4.41250e-06	4.41250e-06	4.41250e-06	4.41250e-06	4.41250e-06	4.41250e-06	4.41250e-06	4.41250e-06	4.41250e-06	4.41250e-06	4.41250e-06	4.41250e-06	4.41250e-06	4.41250e-06	4.41250e-06	4.41250e-06	4.41250e-06	4.41250e-06	4.41250e-06	4.41250e-06	4.41250e-06	4.41250e-06	4.41250e-06	4.41250e-06	4.41250e-06	4.41250e-06	4.41250e-06	4.41250e-06	4.41250e-06	4.41250e-06	4.41250e-06	4.41250e-06	4.41250e-06	4.41250e-06	4.41250e-06	4.41250e-06	4.41250e-06	4.41250e-06	4.41250e-06	4.41250e-06	4.41250e-06	4.41250e-06	4.41250e-06	4.41250e-06	
4.45000e-06	4.45000e-06	4.45000e-06	4.45000e-06	4.45000e-06	4.45000e-06	4.45000e-06	4.45000e-06	4.45000e-06	4.45000e-06	4.45000e-06	4.45000e-06	4.45000e-06	4.45000e-06	4.45000e-06	4.45000e-06	4.45000e-06	4.45000e-06	4.45000e-06	4.45000e-06	4.45000e-06	4.45000e-06	4.45000e-06	4.45000e-06	4.45000e-06	4.45000e-06	4.45000e-06	4.45000e-06	4.45000e-06	4.45000e-06	4.45000e-06	4.45000e-06	4.45000e-06	4.45000e-06	4.45000e-06	4.45000e-06	4.45000e-06	4.45000e-06	4.45000e-06	4.45000e-06	4.45000e-06	4.45000e-06	4.45000e-06	4.45000e-06	
4.65000e-06	4.65000e-06	4.65000e-06	4.65000e-06	4.65000e-06	4.65000e-06	4.65000e-06	4.65000e-06	4.65000e-06	4.65000e-06	4.65000e-06	4.65000e-06	4.65000e-06	4.65000e-06	4.65000e-06	4.65000e-06	4.65000e-06	4.65000e-06	4.65000e-06	4.65000e-06	4.65000e-06	4.65000e-06	4.65000e-06	4.65000e-06	4.65000e-06	4.65000e-06	4.65000e-06	4.65000e-06	4.65000e-06	4.65000e-06	4.65000e-06	4.65000e-06	4.65000e-06	4.65000e-06	4.65000e-06	4.65000e-06	4.65000e-06	4.65000e-06	4.65000e-06	4.65000e-06	4.65000e-06	4.65000e-06	4.65000e-06	4.65000e-06	
4.85000e-06	4.85000e-06	4.85000e-06	4.85000e-06	4.85000e-06	4.85000e-06	4.85000e-06	4.85000e-06	4.85000e-06	4.85000e-06	4.85000e-06	4.85000e-06	4.85000e-06	4.85000e-06	4.85000e-06	4.85000e-06	4.85000e-06	4.85000e-06	4.85000e-06	4.85000e-06	4.85000e-06	4.85000e-06	4.85000e-06	4.85000e-06	4.85000e-06	4.85000e-06	4.85000e-06	4.85000e-06	4.85000e-06	4.85000e-06	4.85000e-06	4.85000e-06	4.85000e-06	4.85000e-06	4.85000e-06	4.85000e-06	4.85000e-06	4.85000e-06	4.85000e-06	4.85000e-06	4.85000e-06	4.85000e-06	4.85000e-06	4.85000e-06	
5.05000e-06	5.05000e-06	5.05000e-06	5.05000e-06	5.05000e-06	5.05000e-06	5.05000e-06	5.05000e-06	5.05000e-06	5.05000e-06	5.05000e-06	5.05000e-06	5.05000e-06	5.05000e-06	5.05000e-06	5.05000e-06	5.05000e-06	5.05000e-06	5.05000e-06	5.05000e-06	5.05000e-06	5.05000e-06	5.05000e-06	5.05000e-06	5.05000e-06	5.05000e-06	5.05000e-06	5.05000e-06	5.05000e-06	5.05000e-06	5.05000e-06	5.05000e-06	5.05000e-06	5.05000e-06	5.05000e-06	5.05000e-06	5.05000e-06	5.05000e-06	5.05000e-06	5.05000e-06	5.05000e-06	5.05000e-06	5.05000e-06	5.05000e-06	
5.25000e-06	5.25000e-06	5.25000e-06	5.25000e-06	5.25000e-06	5.25000e-06	5.25000e-06	5.25000e-06	5.25000e-06	5.25000e-06	5.25000e-06	5.25000e-06	5.25000e-06	5.25000e-06	5.25000e-06	5.25000e-06	5.25000e-06	5.25000e-06	5.25000e-06	5.25000e-06	5.25000e-06	5.25000e-06	5.25000e-06	5.25000e-06	5.25000e-06	5.25000e-06	5.25000e-06	5.25000e-06	5.25000e-06	5.25000e-06	5.25000e-06	5.25000e-06	5.25000e-06	5.25000e-06	5.25000e-06	5.25000e-06	5.25000e-06	5.25000e-06	5.25000e-06	5.25000e-06	5.25000e-06	5.25000e-06	5.25000e-06	5.25000e-06	
5.28750e-06	5.28750e-06	5.28750e-06	5.28750e-06	5.28750e-06	5.28750e-06	5.28750e-06	5.28750e-06	5.28750e-06	5.28750e-06	5.28750e-06	5.28750e-06	5.28750e-06	5.28750e-06	5.28750e-06	5.28750e-06	5.28750e-06	5.28750e-06	5.28750e-06	5.28750e-06	5.28750e-06	5.28750e-06	5.28750e-06	5.28750e-06	5.28750e-06	5.28750e-06	5.28750e-06	5.28750e-06	5.28750e-06	5.28750e-06	5.28750e-06	5.28750e-06	5.28750e-06	5.28750e-06	5.28750e-06	5.28750e-06	5.28750e-06	5.28750e-06	5.28750e-06	5.28750e-06	5.28750e-06	5.28750e-06	5.28750e-06	5.28750e-06	
5.32500e-06	5.32500e-06	5.32500e-06	5.32500e-06	5.32500e-06	5.32500e-06	5.32500e-06	5.32500e-06	5.32500e-06	5.32500e-06	5.32500e-06	5.32500e-06	5.32500e-06	5.32500e-06	5.32500e-06	5.32500e-06	5.32500e-06	5.32500e-06	5.32500e-06	5.32500e-06	5.32500e-06	5.32500e-06	5.32500e-06	5.32500e-06	5.32500e-06	5.32500e-06	5.32500e-06	5.32500e-06	5.32500e-06	5.32500e-06	5.32500e-06	5.32500e-06	5.32500e-06	5.32500e-06	5.32500e-06	5.32500e-06	5.32500e-06	5.32500e-06	5.32500e-06	5.32500e-06	5.32500e-06	5.32500e-06	5.32500e-06	5.32500e-06	
5.52500e-06	5.52500e-06	5.52500e-06	5.52500e-06	5.52500e-06	5.52500e-06	5.52500e-06	5.52500e-06	5.52500e-06	5.52500e-06	5.52500e-06	5.52500e-06	5.52500e-06	5.52500e-06	5.52500e-06	5.52500e-06	5.52500e-06	5.52500e-06	5.52500e-06	5.52500e-06	5.52500e-06	5.52500e-06	5.52500e-06	5.52500e-06	5.52500e-06	5.52500e-06	5.52500e-06	5.52500e-06	5.52500e-06	5.52500e-06	5.52500e-06	5.52500e-06	5.52500e-06	5.52500e-06	5.52500e-06	5.52500e-06	5.52500e-06	5.52500e-06	5.52500e-06	5.52500e-06	5.52500e-06	5.52500e-06	5.52500e-06	5.52500e-06	
5.72500e-06	5.72500e-06	5.72500e-06	5.72500e-06	5.72500e-06	5.72500e-06	5.72500e-06	5.72500e-06	5.72500e-06	5.72500e-06	5.72500e-06	5.72500e-06	5.72500e-06	5.72500e-06	5.72500e-06	5.72500e-06	5.72500e-06	5.72500e-06	5.72500e-06	5.72500e-06	5.72500e-06	5.72500e-06	5.72500e-06	5.72500e-06	5.72500e-06	5.72500e-06	5.72500e-06	5.72500e-06	5.72500e-06	5.72500e-06	5.72500e-06	5.72500e-06	5.72500e-06	5.72500e-06	5.72500e-06	5.72500e-06	5.72500e-06	5.72500e-06	5.72500e-06	5.72500e-06	5.72500e-06	5.72500e-06	5.72500e-06	5.72500e-06	
5.92500e-06	5.92500e-06	5.92500e-06	5.92500e-06	5.92500e-06	5.92500e-06	5.92500e-06	5.92500e-06	5.92500e-06	5.92500e-06	5.92500e-06	5.92500e-06	5.92500e-06	5.92500e-06	5.92500e-06	5.92500e-06	5.92500e-06	5.92500e-06	5.92500e-06	5.92500e-06	5.92500e-06	5.92500e-06	5.92500e-06	5.92500e-06	5.92500e-06	5.92500e-06	5.92500e-06	5.92500e-06	5.92500e-06	5.92500e-06	5.92500e-06	5.92500e-06	5.92500e-06	5.92500e-06	5.92500e-06	5.92500e-06	5.92500e-06	5.92500e-06	5.92500e-06	5.92500e-06	5.92500e-06	5.92500e-06	5.92500e-06	5.92500e-06	
6.12500e-06	6.12500e-06	6.12500e-06	6.12500e-06	6.12500e-06	6.12500e-06	6.12500e-06	6.12500e-06	6.12500e-06	6.12500e-06	6.12500e-06	6.12500e-06	6.12500e-06	6.12500e-06	6.12500e-06	6.12500e-06	6.12500e-06	6.12500e-06	6.12500e-06	6.12500e-06	6.12500e-06	6.12500e-06	6.12500e-06	6.12500e-06	6.12500e-06	6.12500e-06	6.12500e-06	6.12500e-06	6.12500e-06	6.12500e-06	6.12500e-06	6.12500e-06	6.12500e-06	6.12500e-06	6.12500e-06	6.12500e-06	6.12500e-06	6.12500e-06	6.12500e-06	6.12500e-06	6.12500e-06	6.12500e-06	6.12500e-06	6.12500e-06	
6.16250e-06	6.16250e-06	6.16250e-06	6.16250e-06	6.16250e-06	6.16250e-06	6.16250e-06	6.16250e-06	6.16250e-06	6.16250e-06	6.16250e-06	6.16250e-06	6.16250e-06	6.16250e-06	6.16250e-06	6.16250e-06	6.16250e-06	6.16250e-06	6.16250e-06	6.16250e-06	6.16250e-06	6.16250e-06	6.16250e-06	6.16250e-06	6.16250e-06	6.16250e-06	6.16250e-06	6.16250e-06	6.16250e-06	6.16250e-06	6.16250e-06	6.16250e-06	6.16250e-06	6.16250e-06	6.16250e-06	6.16250e-06	6.16250e-06	6.16250e-06	6.16250e-06	6.16250e-06	6.16250e-06	6.16250e-06	6.16250e-06	6.16250e-06	
6.20000e-06	6.20000e-06	6.20000e-06	6.20000e-06	6.20000e-06	6.20000e-06	6.20000e-06	6.20000e-06	6.20000e-06	6.20000e-06	6.20000e-06	6.20000e-06	6.20000e-06	6.20000e-06	6.20000e-06	6.20000e-06	6.20000e-06	6.20000e-06	6.20000e-06	6.20000e-06	6.20000e-06	6.20000e-06	6.20000e-06	6.20000e-06	6.20000e-06	6.20000e-06	6.20000e-06	6.20000e-06	6.20000e-06	6.20000e-06	6.20000e-06	6.20000e-06	6.20000e-06	6.20000e-06	6.20000e-06	6.20000e-06	6.20000e-06	6.20000e-06	6.20000e-06	6.20000e-06	6.20000e-06	6.20000e-06	6.20000e-06	6.20000e-06	
6.40000e-06	6.40000e-06	6.40000e-06	6.40000e-06	6.40000e-06	6.40000e-06	6.40000e-06	6.40000e-06	6.40000e-06	6.40000e-06	6.40000e-06	6.40000e-06	6.40000e-06	6.40000e-06	6.40000e-06	6.40000e-06	6.40000e-06	6.40000e-06	6.40000e-06	6.40000e-06	6.40000e-06	6.40000e-06	6.40000e-06	6.40000e-06	6.40000e-06	6.40000e-06	6.40000e-06	6.40000e-06	6.40000e-06	6.40000e-06	6.40000e-06	6.40000e-06	6.40000e-06	6.40000e-06	6.40000e-06	6.40000e-06	6.40000e-06	6.40000e-06	6.40000e-06	6.40000e-06	6.40000e-06	6.40000e-06	6.40000e-06	6.40000e-06	
6.60000e-06	6.60000e-06	6.60000e-06	6.60000e-06	6.60000e-06	6.60000e-06	6.60000e-06	6.60000e-06	6.60000e-06	6.60000e-06	6.60000e-06	6.60000e-06	6.60000e-06	6.60000e-06	6.60000e-06	6.60000e-06	6.60000e-06	6.60000e-06	6.60000e-06	6.60000e-06	6.60000e-06	6.60000e-06	6.60000e-06	6.60000e-06	6.60000e-06	6.60000e-06	6.60000e-06	6.60000e-06	6.60000e-06	6.60000e-06	6.60000e-06	6.60000e-06	6.60000e-06	6.60000e-06	6.60000e-06	6.60000e-06	6.60000e-06	6.60000e-06	6.60000e-06	6.60000e-06	6.60000e-06	6.60000e-06	6.60000e-06	6.60000e-06	
6.80000e-06	6.80000e-06	6.80000e-06	6.80000e-06	6.80000e-06	6.80000e-06	6.80000e-06	6.80000e-06	6.80000e-06	6.80000e-06	6.80000e-06	6.80000e-06	6.80000e-06	6.80000e-06	6.80000e-06	6.80000e-06	6.80000e-06	6.80000e-06	6.80000e-06	6.80000e-06	6.80000e-06	6.80000e-06	6.80000e-06	6.80000e-06	6.80000e-06	6.80000e-06	6.80000e-06	6.80000e-06	6.80000e-06	6.80000e-06	6.80000e-06	6.80000e-06	6.80000e-06	6.80000e-06	6.80000e-06	6.80000e-06	6.80000e-06	6.80000e-06	6.80000e-06	6.80000e-06	6.80000e-06	6.80000e-06	6.80000e-06	6.80000e-06	
7.00000e-06	7.00000e-06	7.00000e-06	7.00000e-06	7.00000e-06	7.00000e-06	7.00000e-06	7.00000e-06	7.00000e-06	7.00000e-06	7.00000e-06	7.00000e-06	7.00000e-06	7.00000e-06	7.00000e-06	7.00000e-06	7.00000e-06	7.00000e-06	7.00000e-06	7.00000e-06	7.00000e-06	7.00000e-06	7.00000e-06	7.00000e-06	7.00000e-06	7.00000e-06	7.00000e-06	7.00000e-06	7.00000e-06	7.00000e-06	7.00000e-06	7.00000e-06	7.00000e-06	7.00000e-06	7.00000e-06	7.00000e-06	7.00000e-06	7.00000e-06	7.00000e-06	7.00000e-06	7.00000e-06	7.00000e-06	7.00000e-06	7.00000e-06	
7.03750e-06	7.03750e-06	7.03750e-06	7.03750e-06	7.03750e-06	7.03750e-06	7.03750e-06	7.03750e-06	7.03750e-06	7.03750e-06	7.03750e-06	7.03750e-06	7.03750e-06	7.03750e-06	7.03750e-06	7.03750e-06	7.03750e-06	7.03750e-06	7.03750e-06	7.03750e-06	7.03750e-06	7.03750e-06	7.03750e-06	7.03750e-06	7.03750e-06	7.03750e-06	7.03750e-06	7.03750e-06	7.03750e-06	7.03750e-06	7.03750e-06	7.03750e-06	7.03750e-06	7.03750e-06	7.03750e-06	7.03750e-06	7.03750e-06	7.03750e-06	7.03750e-06	7.03750e-06	7.03750e-06	7.03750e-06	7.03750e-06	7.03750e-06	
7.07500e-06	7.07500e-06	7.07500e-06	7.07500e-06	7.07500e-06	7.07500e-06	7.07500e-06	7.07500e-06	7.07500e-06	7.07500e-06	7.07500e-06	7.07500e-06	7.07500e-06	7.07500e-06	7.07500e-06	7.07500e-06	7.07500e-06	7.07500e-06	7.07500e-06	7.07500e-06	7.07500e-06	7.07500e-06	7.07500e-06	7.07500e-06	7.07500e-06	7.07500e-06	7.07500e-06	7.07500e-06	7.07500e-06	7.07500e-06	7.07500e-06	7.07500e-06	7.07500e-06	7.07500e-06	7.07500e-06	7.07500e-06	7.07500e-06	7.07500e-06	7.07500e-06	7.07500e-06	7.07500e-06	7.07500e-06	7.07500e-06	7.07500e-06	
7.27500e-06	7.27500e-06	7.27500e-06	7.27500e-06	7.27500e-06	7.27500e-06	7.27500e-06	7.27500e-06	7.27500e-06	7.27500e-06	7.27500e-06	7.27500e-06	7.27500e-06	7.27500e-06	7.27500e-06	7.27500e-06	7.27500e-06	7.27500e-06	7.27500e-06	7.27500e-06	7.27500e-06	7.27500e-06	7.27500e-06	7.27500e-06	7.27500e-06	7.27500e-06	7.27500e-06	7.27500e-06	7.27500e-06	7.27500e-06	7.27500e-06	7.27500e-06	7.27500e-06	7.27500e-06	7.27500e-06	7.27500e-06	7.27500e-06	7.27500e-06	7.27500e-06	7.27500e-06	7.27500e-06	7.27500e-06	7.27500e-06	7.27500e-06	
7.47500e-06	7.47500e-06	7.47500e-06	7.47500e-06	7.47500e-06	7.47500e-06	7.47500e-06	7.47500e-06	7.47500e-06	7.47500e-06	7.47500e-06	7.47500e-06	7.47500e-06	7.47500e-06	7.47500e-06	7.47500e-06	7.47500e-06	7.47500e-06	7.47500e-06	7.47500e-06	7.47500e-06	7.47500e-06	7.47500e-06	7.47500e-06	7.47500e-06	7.47500e-06	7.47500e-06	7.47500e-06	7.47500e-06	7.47500e-06	7.47500e-06	7.47500e-06	7.47500e-06	7.47500e-06	7.47500e-06	7.47500e-06	7.47500e-06	7.47500e-06	7.47500e-06	7.47500e-06	7.47500e-06	7.47500e-06	7.47500e-06	7.47500e-06	
7.67500e-06	7.67500e-06	7.67500e-06	7.67500e-06	7.67500e-06	7.67500e-06	7.67500e-06	7.67500e-06	7.67500e-06	7.67500e-06	7.67500e-06	7.67500e-06	7.67500e-06	7.67500e-06	7.67500e-06	7.67500e-06	7.67500e-06	7.67500e-06	7.67500e-06	7.67500e-06	7.67500e-06	7.67500e-06	7.67500e-06	7.67500e-06	7.67500e-06	7.67500e-06	7.67500e-06	7.67500e-06	7.67500e-06	7.67500e-06	7.67500e-06	7.67500e-06	7.67500e-06	7.67500e-06	7.67500e-06	7.67500e-06	7.67500e-06	7.67500e-06	7.67500e-06	7.67500e-06	7.67500e-06	7.67500e-06	7.67500e-06	7.67500e-06	
7.87500e-06	7.87500e-06	7.87500e-06	7.87500e-06	7.87500e-06	7.87500e-06	7.87500e-06	7.87500e-06	7.87500e-06	7.87500e-06	7.87500e-06	7.87500e-06	7.87500e-06	7.87500e-06	7.87500e-06	7.87500e-06	7.87500e-06	7.87500e-06	7.87500e-06	7.87500e-06	7.87500e-06	7.87500e-06	7.87500e-06	7.87500e-06	7.87500e-06	7.87500e-06	7.87500e-06	7.87500e-06	7.87500e-06	7.87500e-06	7.87500e-06	7.87500e-06	7.87500e-06	7.87500e-06	7.87500e-06	7.87500e-06	7.87500e-06	7.87500e-06	7.87500e-06	7.87500e-06	7.87500e-06	7.87500e-06	7.87500e-06	7.87500e-06	
7.91250e-06	7.91250e-06	7.91250e-06	7.91250e-06	7.91250e-06	7.91250e-06	7.91250e-06	7.91250e-06	7.91250e-06	7.91250e-06	7.91250e-06	7.91250e-06	7.91250e-06	7.91250e-06	7.91250e-06	7.91250e-06	7.91250e-06	7.91250e-06	7.91250e-06	7.91250e-06	7.91250e-06	7.91250e-06	7.91250e-06	7.91250e-06	7.91250e-06	7.91250e-06	7.91250e-06	7.91250e-06	7.91250e-06	7.91250e-06	7.91250e-06	7.91250e-06	7.91250e-06	7.91250e-06	7.91250e-06	7.91250e-06	7.91250e-06	7.91250e-06	7.91250e-06	7.91250e-06	7.91250e-06	7.91250e-06	7.91250e-06	7.91250e-06	
7.95000e-06	7.95000e-06	7.95000e-06	7.95000e-06	7.95000e-06	7.95000e-06	7.95000e-06	7.95000e-06	7.95000e-06	7.95000e-06	7.95000e-06	7.95000e-06	7.95000e-06	7.95000e-06	7.95000e-06	7.95000e-06	7.95000e-06	7.95000e-06	7.95000e-06	7.95000e-06	7.95000e-06	7.95000e-06	7.95000e-06	7.95000e-06	7.95000e-06	7.95000e-06	7.95000e-06	7.95000e-06	7.95000e-06	7.95000e-06	7.95000e-06	7.95000e-06	7.95000e-06	7.95000e-06	7.95000e-06	7.95000e-06	7.95000e-06	7.95000e-06	7.95000e-06	7.95000e-06	7.95000e-06	7.95000e-06	7.95000e-06	7.95000e-06	
8.15000e-06	8.15000e-06	8.15000e-06	8.15000e-06	8.15000e-06	8.15000e-06	8.15000e-06	8.15000e-06	8.15000e-06	8.15000e-06	8.15000e-06	8.15000e-06	8.15000e-06	8.15000e-06	8.15000e-06	8.15000e-06	8.15000e-06	8.15000e-06	8.15000e-06	8.15000e-06	8.15000e-06	8.15000e-06	8.15000e-06	8.15000e-06	8.15000e-06	8.15000e-06	8.15000e-06	8.15000e-06	8.15000e-06	8.15000e-06	8.15000e-06	8.15000e-06	8.15000e-06	8.15000e-06	8.15000e-06	8.15000e-06	8.15000e-06	8.15000e-06	8.15000e-06	8.15000e-06	8.15000e-06	8.15000e-06	8.15000e-06	8.15000e-06	
8.35000e-06	8.35000e-06	8.35000e-06	8.35000e-06	8.35000e-06	8.35000e-06	8.35000e-06	8.35000e-06	8.35000e-06	8.35000e-06	8.35000e-06	8.35000e-06	8.35000e-06	8.35000e-06	8.35000e-06	8.35000e-06	8.35000e-06	8.35000e-06	8.35000e-06	8.35000e-06	8.35000e-06	8.35000e-06	8.35000e-06	8.35000e-06	8.35000e-06	8.35000e-06	8.35000e-06	8.35000e-06	8.35000e-06	8.35000e-06	8.35000e-06	8.35000e-06	8.35000e-06	8.35000e-06	8.35000e-06	8.35000e-06	8.35000e-06	8.35000e-06	8.35000e-06	8.35000e-06	8.35000e-06	8.35000e-06	8.35000e-06	8.35000e-06	
8.55000e-06	8.55000e-06	8.55000e-06	8.55000e-06	8.55000e-06	8.55000e-06	8.55000e-06	8.55000e-06	8.55000e-06	8.55000e-06	8.55000e-06	8.55000e-06	8.55000e-06	8.55000e-06	8.55000e-06	8.55000e-06	8.55000e-06	8.55000e-06	8.55000e-06	8.55000e-06	8.55000e-06	8.55000e-06	8.55000e-06	8.55000e-06	8.55000e-06	8.55000e-06	8.55000e-06	8.55000e-06	8.55000e-06	8.55000e-06	8.55000e-06	8.55000e-06	8.55000e-06	8.55000e-06	8.55000e-06	8.55000e-06	8.55000e-06	8.55000e-06	8.55000e-06	8.55000e-06	8.55000e-06	8.55000e-06	8.55000e-06	8.55000e-06	
8.75000e-06	8.75000e-06	8.75000e-06	8.75000e-06	8.75000e-06	8.75000e-06	8.75000e-06	8.75000e-06	8.75000e-06	8.75000e-06	8.75000e-06	8.75000e-06	8.75000e-06	8.75000e-06	8.75000e-06	8.75000e-06	8.75000e-06	8.75000e-06	8.75000e-06	8.75000e-06	8.75000e-06	8.75000e-06	8.75000e-06	8.75000e-06	8.75000e-06	8.75000e-06	8.75000e-06	8.75000e-06	8.75000e-06	8.75000e-06	8.75000e-06	8.75000e-06	8.75000e-06	8.75000e-06	8.75000e-06	8.75000e-06	8.75000e-06	8.75000e-06	8.75000e-06	8.75000e-06	8.75000e-06	8.75000e-06	8.75000e-06	8.75000e-06	
8.78750e-06	8.78750e-06	8.78750e-06	8.78750e-06	8.78750e-06	8.78750e-06	8.78750e-06	8.78750e-06	8.78750e-06	8.78750e-06	8.78750e-06	8.78750e-06	8.78750e-06	8.78750e-06	8.78750e-06	8.78750e-06	8.78750e-06	8.78750e-06	8.78750e-06	8.78750e-06	8.78750e-06	8.78750e-06	8.78750e-06	8.78750e-06	8.78750e-06	8.78750e-06	8.78750e-06	8.78750e-06	8.78750e-06	8.78750e-06	8.78750e-06	8.78750e-06	8.78750e-06	8.78750e-06	8.78750e-06	8.78750e-06	8.78750e-06	8.78750e-06	8.78750e-06	8.78750e-06	8.78750e-06	8.78750e-06	8.78750e-06	8.78750e-06	
8.82500e-06	8.82500e-06	8.82500e-06	8.82500e-06	8.82500e-06	8.82500e-06	8.82500e-06	8.82500e-06	8.82500e-06	8.82500e-06	8.82500e-06	8.82500e-06	8.82500e-06	8.82500e-06	8.82500e-06	8.82500e-06	8.82500e-06	8.82500e-06	8.82500e-06	8.82500e-06	8.82500e-06	8.82500e-06	8.82500e-06	8.82500e-06	8.82500e-06	8.82500e-06	8.82500e-06	8.82500e-06	8.82500e-06	8.82500e-06	8.82500e-06	8.82500e-06	8.82500e-06	8.82500e-06	8.82500e-06	8.82500e-06	8.82500e-06	8.82500e-06	8.82500e-06	8.82500e-06	8.82500e-06	8.82500e-06	8.82500e-06	8.82500e-06	
9.02500e-06	9.02500e-06	9.02500e-06	9.02500e-06	9.02500e-06	9.02500e-06	9.02500e-06	9.02500e-06	9.02500e-06	9.02500e-06	9.02500e-06	9.02500e-06	9.02500e-06	9.02500e-06	9.02500e-06	9.02500e-06	9.02500e-06	9.02500e-06	9.02500e-06	9.02500e-06	9.02500e-06	9.02500e-06	9.02500e-06	9.02500e-06	9.02500e-06	9.02500e-06	9.02500e-06	9.02500e-06	9.02500e-06	9.02500e-06	9.02500e-06	9.02500e-06	9.02500e-06	9.02500e-06	9.02500e-06	9.02500e-06	9.02500e-06	9.02500e-06	9.02500e-06	9.02500e-06	9.02500e-06	9.02500e-06	9.02500e-06	9.02500e-06	
9.22500e-06	9.22500e-06	9.22500e-06	9.22500e-06	9.22500e-06	9.22500e-06	9.22500e-06	9.22500e-06	9.22500e-06	9.22500e-06	9.22500e-06	9.22500e-06	9.22500e-06	9.22500e-06	9.22500e-06	9.22500e-06	9.22500e-06	9.22500e-06	9.22500e-06	9.22500e-06	9.22500e-06	9.22500e-06	9.22500e-06	9.22500e-06	9.22500e-06	9.22500e-06	9.22500e-06	9.22500e-06	9.22500e-06	9.22500e-06	9.22500e-06	9.22500e-06	9.22500e-06	9.22500e-06	9.22500e-06	9.22500e-06	9.22500e-06	9.22500e-06	9.22500e-06	9.22500e-06	9.22500e-06	9.22500e-06	9.22500e-06	9.22500e-06	
9.42500e-06	9.42500e-06	9.42500e-06	9.42500e-06	9.42500e-06	9.42500e-06	9.42500e-06	9.42500e-06	9.42500e-06	9.42500e-06	9.42500e-06	9.42500e-06	9.42500e-06	9.42500e-06	9.42500e-06	9.42500e-06	9.42500e-06	9.42500e-06	9.42500e-06	9.42500e-06	9.42500e-06	9.42500e-06	9.42500e-06	9.42500e-06	9.42500e-06	9.42500e-06	9.42500e-06	9.42500e-06	9.42500e-06	9.42500e-06	9.42500e-06	9.42500e-06	9.42500e-06	9.42500e-06	9.42500e-06	9.42500e-06	9.42500e-06	9.42500e-06	9.42500e-06	9.42500e-06	9.42500e-06	9.42500e-06	9.42500e-06	9.42500e-06	
9.62500e-06	9.62500e-06	9.62500e-06	9.62500e-06	9.62500e-06	9.62500e-06	9.62500e-06	9.62500e-06	9.62500e-06	9.62500e-06	9.62500e-06	9.62500e-06	9.62500e-06	9.62500e-06	9.62500e-06	9.62500e-06	9.62500e-06	9.62500e-06	9.62500e-06	9.62500e-06	9.62500e-06	9.62500e-06	9.62500e-06	9.62500e-06	9.62500e-06	9.62500e-06	9.62500e-06	9.62500e-06	9.62500e-06	9.62500e-06	9.62500e-06	9.62500e-06	9.62500e-06	9.62500e-06	9.62500e-06	9.62500e-06	9.62500e-06	9.62500e-06	9.62500e-06	9.62500e-06	9.62500e-06	9.62500e-06	9.62500e-06	9.62500e-06	
9.66250e-06	9.66250e-06	9.66250e-06	9.66250e-06	9.66250e-06	9.66250e-06	9.66250e-06	9.66250e-06	9.66250e-06	9.66250e-06	9.66250e-06	9.66250e-06	9.66250e-06	9.66250e-06	9.66250e-06	9.66250e-06	9.66250e-06	9.66250e-06	9.66250e-06	9.66250e-06	9.66250e-06	9.66250e-06	9.66250e-06	9.66250e-06	9.66250e-06	9.66250e-06	9.66250e-06	9.66250e-06	9.66250e-06	9.66250e-06	9.66250e-06	9.66250e-06	9.66250e-06	9.66250e-06	9.66250e-06	9.66250e-06	9.66250e-06	9.66250e-06	9.66250e-06	9.66250e-06	9.66250e-06	9.66250e-06	9.66250e-06	9.66250e-06	
9.70000e-06	9.70000e-06	9.70000e-06	9.70000e-06	9.70000e-06	9.70000e-06	9.70000e-06	9.70000e-06	9.70000e-06	9.70000e-06	9.70000e-06	9.70000e-06	9.70000e-06	9.70000e-06	9.70000e-06	9.70000e-06	9.70000e-06	9.70000e-06	9.70000e-06	9.70000e-06	9.70000e-06	9.70000e-06	9.70000e-06	9.70000e-06	9.70000e-06	9.70000e-06	9.70000e-06	9.70000e-06	9.70000e-06	9.70000e-06	9.70000e-06	9.70000e-06	9.70000e-06	9.70000e-06	9.70000e-06	9.70000e-06	9.70000e-06	9.70000e-06	9.70000e-06	9.70000e-06	9.70000e-06	9.70000e-06	9.70000e-06	9.70000e-06	
9.90000e-06	9.90000e-06	9.90000e-06	9.90000e-06	9.90000e-06	9.90000e-06	9.90000e-06	9.90000e-06	9.90000e-06	9.90000e-06	9.90000e-06	9.90000e-06	9.90000e-06	9.90000e-06	9.90000e-06	9.90000e-06	9.90000e-06	9.90000e-06	9.90000e-06	9.90000e-06	9.90000e-06	9.90000e-06	9.90000e-06	9.90000e-06	9.90000e-06	9.90000e-06	9.90000e-06	9.90000e-06	9.90000e-06	9.90000e-06	9.90000e-06	9.90000e-06	9.90000e-06	9.90000e-06	9.90000e-06	9.90000e-06	9.90000e-06	9.90000e-06	9.90000e-06	9.90000e-06	9.90000e-06	9.90000e-06	9.90000e-06	9.90000e-06	
1.01000e-05	1.01000e-05	1.01000e-05	1.01000e-05	1.01000e-05	1.01000e-05	1.01000e-05	1.01000e-05	1.01000e-05	1.01000e-05	1.01000e-05	1.01000e-05	1.01000e-05	1.01000e-05	1.01000e-05	1.01000e-05	1.01000e-05	1.01000e-05	1.01000e-05	1.01000e-05	1.01000e-05	1.01000e-05	1.01000e-05	1.01000e-05	1.01000e-05	1.01000e-05	1.01000e-05	1.01000e-05	1.01000e-05	1.01000e-05	1.01000e-05	1.01000e-05	1.01000e-05	1.01000e-05	1.01000e-05	1.01000e-05	1.01000e-05	1.01000e-05	1.01000e-05	1.01000e-05	1.01000e-05	1.01000e-05	1.01000e-05	1.01000e-05	
1.03000e-05	1.03000e-05	1.03000e-05	1.03000e-05	1.03000e-05	1.03000e-05	1.03000e-05	1.03000e-05	1.03000e-05	1.03000e-05	1.03000e-05	1.03000e-05	1.03000e-05	1.03000e-05	1.03000e-05	1.03000e-05	1.03000e-05	1.03000e-05	1.03000e-05	1.03000e-05	1.03000e-05	1.03000e-05	1.03000e-05	1.03000e-05	1.03000e-05	1.03000e-05	1.03000e-05	1.03000e-05	1.03000e-05	1.03000e-05	1.03000e-05	1.03000e-05	1.03000e-05	1.03000e-05	1.03000e-05	1.03000e-05	1.03000e-05	1.03000e-05	1.03000e-05	1.03000e-05	1.03000e-05	1.03000e-05	1.03000e-05	1.03000e-05	
1.05000e-05	1.05000e-05	1.05000e-05	1.05000e-05	1.05000e-05	1.05000e-05	1.05000e-05	1.05000e-05	1.05000e-05	1.05000e-05	1.05000e-05	1.05000e-05	1.05000e-05	1.05000e-05	1.05000e-05	1.05000e-05	1.05000e-05	1.05000e-05	1.05000e-05	1.05000e-05	1.05000e-05	1.05000e-05	1.05000e-05	1.05000e-05	1.05000e-05	1.05000e-05	1.05000e-05	1.05000e-05	1.05000e-05	1.05000e-05	1.05000e-05	1.05000e-05	1.05000e-05	1.05000e-05	1.05000e-05	1.05000e-05	1.05000e-05	1.05000e-05	1.05000e-05	1.05000e-05	1.05000e-05	1.05000e-05	1.05000e-05	1.05000e-05	
1.05375e-05	1.05375e-05	1.05375e-05	1.05375e-05	1.05375e-05	1.05375e-05	1.05375e-05	1.05375e-05	1.05375e-05	1.05375e-05	1.05375e-05	1.05375e-05	1.05375e-05	1.05375e-05	1.05375e-05	1.05375e-05	1.05375e-05	1.05375e-05	1.05375e-05	1.05375e-05	1.05375e-05	1.05375e-05	1.05375e-05	1.05375e-05	1.05375e-05	1.05375e-05	1.05375e-05	1.05375e-05	1.05375e-05	1.05375e-05	1.05375e-05	1.05375e-05	1.05375e-05	1.05375e-05	1.05375e-05	1.05375e-05	1.05375e-05	1.05375e-05	1.05375e-05	1.05375e-05	1.05375e-05	1.05375e-05	1.05375e-05	1.05375e-05	
1.05750e-05	1.05750e-05	1.05750e-05	1.05750e-05	1.05750e-05	1.05750e-05	1.05750e-05	1.05750e-05	1.05750e-05	1.05750e-05	1.05750e-05	1.05750e-05	1.05750e-05	1.05750e-05	1.05750e-05	1.05750e-05	1.05750e-05	1.05750e-05	1.05750e-05	1.05750e-05	1.05750e-05	1.05750e-05	1.05750e-05	1.05750e-05	1.05750e-05	1.05750e-05	1.05750e-05	1.05750e-05	1.05750e-05	1.05750e-05	1.05750e-05	1.05750e-05	1.05750e-05	1.05750e-05	1.05750e-05	1.05750e-05	1.05750e-05	1.05750e-05	1.05750e-05	1.05750e-05	1.05750e-05	1.05750e-05	1.05750e-05	1.05750e-05	
1.07750e-05	1.07750e-05	1.07750e-05	1.07750e-05	1.07750e-05	1.07750e-05	1.07750e-05	1.07750e-05	1.07750e-05	1.07750e-05	1.07750e-05	1.07750e-05	1.07750e-05	1.07750e-05	1.07750e-05	1.07750e-05	1.07750e-05	1.07750e-05	1.07750e-05	1.07750e-05	1.07750e-05	1.07750e-05	1.07750e-05	1.07750e-05	1.07750e-05	1.07750e-05	1.07750e-05	1.07750e-05	1.07750e-05	1.07750e-05	1.07750e-05	1.07750e-05	1.07750e-05	1.07750e-05	1.07750e-05	1.07750e-05	1.07750e-05	1.07750e-05	1.07750e-05	1.07750e-05	1.07750e-05	1.07750e-05	1.07750e-05	1.07750e-05	
1.09750e-05	1.09750e-05	1.09750e-05	1.09750e-05	1.09750e-05	1.09750e-05	1.09750e-05	1.09750e-05	1.09750e-05	1.09750e-05	1.09750e-05	1.09750e-05	1.09750e-05	1.09750e-05	1.09750e-05	1.09750e-05	1.09750e-05	1.09750e-05	1.09750e-05	1.09750e-05	1.09750e-05	1.09750e-05	1.09750e-05	1.09750e-05	1.09750e-05	1.09750e-05	1.09750e-05	1.09750e-05	1.09750e-05	1.09750e-05	1.09750e-05	1.09750e-05	1.09750e-05	1.09750e-05	1.09750e-05	1.09750e-05	1.09750e-05	1.09750e-05	1.09750e-05	1.09750e-05	1.09750e-05	1.09750e-05	1.09750e-05	1.09750e-05	
1.11750e-05	1.11750e-05	1.11750e-05	1.11750e-05	1.11750e-05	1.11750e-05	1.11750e-05	1.11750e-05	1.11750e-05	1.11750e-05	1.11750e-05	1.11750e-05	1.11750e-05	1.11750e-05	1.11750e-05	1.11750e-05	1.11750e-05	1.11750e-05	1.11750e-05	1.11750e-05	1.11750e-05	1.11750e-05	1.11750e-05	1.11750e-05	1.11750e-05	1.11750e-05	1.11750e-05	1.11750e-05	1.11750e-05	1.11750e-05	1.11750e-05	1.11750e-05	1.11750e-05	1.11750e-05	1.11750e-05	1.11750e-05	1.11750e-05	1.11750e-05	1.11750e-05	1.11750e-05	1.11750e-05	1.11750e-05	1.11750e-05	1.11750e-05	
1.13750e-05	1.13750e-05	1.13750e-05	1.13750e-05	1.13750e-05	1.13750e-05	1.13750e-05	1.13750e-05	1.13750e-05	1.13750e-05	1.13750e-05	1.13750e-05	1.13750e-05	1.13750e-05	1.13750e-05	1.13750e-05	1.13750e-05	1.13750e-05	1.13750e-05	1.13750e-05	1.13750e-05	1.13750e-05	1.13750e-05	1.13750e-05	1.13750e-05	1.13750e-05	1.13750e-05	1.13750e-05	1.13750e-05	1.13750e-05	1.13750e-05	1.13750e-05	1.13750e-05	1.13750e-05	1.13750e-05	1.13750e-05	1.13750e-05	1.13750e-05	1.13750e-05	1.13750e-05	1.13750e-05	1.13750e-05	1.13750e-05	1.13750e-05	
1.14125e-05	1.14125e-05	1.14125e-05	1.14125e-05	1.14125e-05	1.14125e-05	1.14125e-05	1.14125e-05	1.14125e-05	1.14125e-05	1.14125e-05	1.14125e-05	1.14125e-05	1.14125e-05	1.14125e-05	1.14125e-05	1.14125e-05	1.14125e-05	1.14125e-05	1.14125e-05	1.14125e-05	1.14125e-05	1.14125e-05	1.14125e-05	1.14125e-05	1.14125e-05	1.14125e-05	1.14125e-05	1.14125e-05	1.14125e-05	1.14125e-05	1.14125e-05	1.14125e-05	1.14125e-05	1.14125e-05	1.14125e-05	1.14125e-05	1.14125e-05	1.14125e-05	1.14125e-05	1.14125e-05	1.14125e-05	1.14125e-05	1.14125e-05	
1.14500e-05	1.14500e-05	1.14500e-05	1.14500e-05	1.14500e-05	1.14500e-05	1.14500e-05	1.14500e-05	1.14500e-05	1.14500e-05	1.14500e-05	1.14500e-05	1.14500e-05	1.14500e-05	1.14500e-05	1.14500e-05	1.14500e-05	1.14500e-05	1.14500e-05	1.14500e-05	1.14500e-05	1.14500e-05	1.14500e-05	1.14500e-05	1.14500e-05	1.14500e-05	1.14500e-05	1.14500e-05	1.14500e-05	1.14500e-05	1.14500e-05	1.14500e-05	1.14500e-05	1.14500e-05	1.14500e-05	1.14500e-05	1.14500e-05	1.14500e-05	1.14500e-05	1.14500e-05	1.14500e-05	1.14500e-05	1.14500e-05	1.14500e-05	
1.16500e-05	1.16500e-05	1.16500e-05	1.16500e-05	1.16500e-05	1.16500e-05	1.16500e-05	1.16500e-05	1.16500e-05	1.16500e-05	1.16500e-05	1.16500e-05	1.16500e-05	1.16500e-05	1.16500e-05	1.16500e-05	1.16500e-05	1.16500e-05	1.16500e-05	1.16500e-05	1.16500e-05	1.16500e-05	1.16500e-05	1.16500e-05	1.16500e-05	1.16500e-05	1.16500e-05	1.16500e-05	1.16500e-05	1.16500e-05	1.16500e-05	1.16500e-05	1.16500e-05	1.16500e-05	1.16500e-05	1.16500e-05	1.16500e-05	1.16500e-05	1.16500e-05	1.16500e-05	1.16500e-05	1.16500e-05	1.16500e-05	1.16500e-05	
1.18500e-05	1.18500e-05	1.18500e-05	1.18500e-05	1.18500e-05	1.18500e-05	1.18500e-05	1.18500e-05	1.18500e-05	1.18500e-05	1.18500e-05	1.18500e-05	1.18500e-05	1.18500e-05	1.18500e-05	1.18500e-05	1.18500e-05	1.18500e-05	1.18500e-05	1.18500e-05	1.18500e-05	1.18500e-05	1.18500e-05	1.18500e-05	1.18500e-05	1.18500e-05	1.18500e-05	1.18500e-05	1.18500e-05	1.18500e-05	1.18500e-05	1.18500e-05	1.18500e-05	1.18500e-05	1.18500e-05	1.18500e-05	1.18500e-05	1.18500e-05	1.18500e-05	1.18500e-05	1.18500e-05	1.18500e-05	1.18500e-05	1.18500e-05	
1.20500e-05	1.20500e-05	1.20500e-05	1.20500e-05	1.20500e-05	1.20500e-05	1.20500e-05	1.20500e-05	1.20500e-05	1.20500e-05	1.20500e-05	1.20500e-05	1.20500e-05	1.20500e-05	1.20500e-05	1.20500e-05	1.20500e-05	1.20500e-05	1.20500e-05	1.20500e-05	1.20500e-05	1.20500e-05	1.20500e-05	1.20500e-05	1.20500e-05	1.20500e-05	1.20500e-05	1.20500e-05	1.20500e-05	1.20500e-05	1.20500e-05	1.20500e-05	1.20500e-05	1.20500e-05	1.20500e-05	1.20500e-05	1.20500e-05	1.20500e-05	1.20500e-05	1.20500e-05	1.20500e-05	1.20500e-05	1.20500e-05	1.20500e-05	
1.22500e-05	1.22500e-05	1.22500e-05	1.22500e-05	1.22500e-05	1.22500e-05	1.22500e-05	1.22500e-05	1.22500e-05	1.22500e-05	1.22500e-05	1.22500e-05	1.22500e-05	1.22500e-05	1.22500e-05	1.22500e-05	1.22500e-05	1.22500e-05	1.22500e-05	1.22500e-05	1.22500e-05	1.22500e-05	1.22500e-05	1.22500e-05	1.22500e-05	1.22500e-05	1.22500e-05	1.22500e-05	1.22500e-05	1.22500e-05	1.22500e-05	1.22500e-05	1.22500e-05	1.22500e-05	1.22500e-05	1.22500e-05	1.22500e-05	1.22500e-05	1.22500e-05	1.22500e-05	1.22500e-05	1.22500e-05	1.22500e-05	1.22500e-05	
1.22875e-05	1.22875e-05	1.22875e-05	1.22875e-05	1.22875e-05	1.22875e-05	1.22875e-05	1.22875e-05	1.22875e-05	1.22875e-05	1.22875e-05	1.22875e-05	1.22875e-05	1.22875e-05	1.22875e-05	1.22875e-05	1.22875e-05	1.22875e-05	1.22875e-05	1.22875e-05	1.22875e-05	1.22875e-05	1.22875e-05	1.22875e-05	1.22875e-05	1.22875e-05	1.22875e-05	1.22875e-05	1.22875e-05	1.22875e-05	1.22875e-05	1.22875e-05	1.22875e-05	1.22875e-05	1.22875e-05	1.22875e-05	1.22875e-05	1.22875e-05	1.22875e-05	1.22875e-05	1.22875e-05	1.22875e-05	1.22875e-05	1.22875e-05	
1.23250e-05	1.23250e-05	1.23250e-05	1.23250e-05	1.23250e-05	1.23250e-05	1.23250e-05	1.23250e-05	1.23250e-05	1.23250e-05	1.23250e-05	1.23250e-05	1.23250e-05	1.23250e-05	1.23250e-05	1.23250e-05	1.23250e-05	1.23250e-05	1.23250e-05	1.23250e-05	1.23250e-05	1.23250e-05	1.23250e-05	1.23250e-05	1.23250e-05	1.23250e-05	1.23250e-05	1.23250e-05	1.23250e-05	1.23250e-05	1.23250e-05	1.23250e-05	1.23250e-05	1.23250e-05	1.23250e-05	1.23250e-05	1.23250e-05	1.23250e-05	1.23250e-05	1.23250e-05	1.23250e-05	1.23250e-05	1.23250e-05	1.23250e-05	
1.25250e-05	1.25250e-05	1.25250e-05	1.25250e-05	1.25250e-05	1.25250e-05	1.25250e-05	1.25250e-05	1.25250e-05	1.25250e-05	1.25250e-05	1.25250e-05	1.25250e-05	1.25250e-05	1.25250e-05	1.25250e-05	1.25250e-05	1.25250e-05	1.25250e-05	1.25250e-05	1.25250e-05	1.25250e-05	1.25250e-05	1.25250e-05	1.25250e-05	1.25250e-05	1.25250e-05	1.25250e-05	1.25250e-05	1.25250e-05	1.25250e-05	1.25250e-05	1.25250e-05	1.25250e-05	1.25250e-05	1.25250e-05	1.25250e-05	1.25250e-05	1.25250e-05	1.25250e-05	1.25250e-05	1.25250e-05	1.25250e-05	1.25250e-05	
1.27250e-05	1.27250e-05	1.27250e-05	1.27250e-05	1.27250e-05	1.27250e-05	1.27250e-05	1.27250e-05	1.27250e-05	1.27250e-05	1.27250e-05	1.27250e-05	1.27250e-05	1.27250e-05	1.27250e-05	1.27250e-05	1.27250e-05	1.27250e-05	1.27250e-05	1.27250e-05	1.27250e-05	1.27250e-05	1.27250e-05	1.27250e-05	1.27250e-05	1.27250e-05	1.27250e-05	1.27250e-05	1.27250e-05	1.27250e-05	1.27250e-05	1.27250e-05	1.27250e-05	1.27250e-05	1.27250e-05	1.27250e-05	1.27250e-05	1.27250e-05	1.27250e-05	1.27250e-05	1.27250e-05	1.27250e-05	1.27250e-05	1.27250e-05	
1.29250e-05	1.29250e-05	1.29250e-05	1.29250e-05	1.29250e-05	1.29250e-05	1.29250e-05	1.29250e-05	1.29250e-05	1.29250e-05	1.29250e-05	1.29250e-05	1.29250e-05	1.29250e-05	1.29250e-05	1.29250e-05	1.29250e-05	1.29250e-05	1.29250e-05	1.29250e-05	1.29250e-05	1.29250e-05	1.29250e-05	1.29250e-05	1.29250e-05	1.29250e-05	1.29250e-05	1.29250e-05	1.29250e-05	1.29250e-05	1.29250e-05	1.29250e-05	1.29250e-05	1.29250e-05	1.29250e-05	1.29250e-05	1.29250e-05	1.29250e-05	1.29250e-05	1.29250e-05	1.29250e-05	1.29250e-05	1.29250e-05	1.29250e-05	
1.31250e-05	1.31250e-05	1.31250e-05	1.31250e-05	1.31250e-05	1.31250e-05	1.31250e-05	1.31250e-05	1.31250e-05	1.31250e-05	1.31250e-05	1.31250e-05	1.31250e-05	1.31250e-05	1.31250e-05	1.31250e-05	1.31250e-05	1.31250e-05	1.31250e-05	1.31250e-05	1.31250e-05	1.31250e-05	1.31250e-05	1.31250e-05	1.31250e-05	1.31250e-05	1.31250e-05	1.31250e-05	1.31250e-05	1.31250e-05	1.31250e-05	1.31250e-05	1.31250e-05	1.31250e-05	1.31250e-05	1.31250e-05	1.31250e-05	1.31250e-05	1.31250e-05	1.31250e-05	1.31250e-05	1.31250e-05	1.31250e-05	1.31250e-05	
1.31625e-05	1.31625e-05	1.31625e-05	1.31625e-05	1.31625e-05	1.31625e-05	1.31625e-05	1.31625e-05	1.31625e-05	1.31625e-05	1.31625e-05	1.31625e-05	1.31625e-05	1.31625e-05	1.31625e-05	1.31625e-05	1.31625e-05	1.31625e-05	1.31625e-05	1.31625e-05	1.31625e-05	1.31625e-05	1.31625e-05	1.31625e-05	1.31625e-05	1.31625e-05	1.31625e-05	1.31625e-05	1.31625e-05	1.31625e-05	1.31625e-05	1.31625e-05	1.31625e-05	1.31625e-05	1.31625e-05	1.31625e-05	1.31625e-05	1.31625e-05	1.31625e-05	1.31625e-05	1.31625e-05	1.31625e-05	1.31625e-05	1.31625e-05	
1.32000e-05	1.32000e-05	1.32000e-05	1.32000e-05	1.32000e-05	1.32000e-05	1.32000e-05	1.32000e-05	1.32000e-05	1.32000e-05	1.32000e-05	1.32000e-05	1.32000e-05	1.32000e-05	1.32000e-05	1.32000e-05	1.32000e-05	1.32000e-05	1.32000e-05	1.32000e-05	1.32000e-05	1.32000e-05	1.32000e-05	1.32000e-05	1.32000e-05	1.32000e-05	1.32000e-05	1.32000e-05	1.32000e-05	1.32000e-05	1.32000e-05	1.32000e-05	1.32000e-05	1.32000e-05	1.32000e-05	1.32000e-05	1.32000e-05	1.32000e-05	1.32000e-05	1.32000e-05	1.32000e-05	1.32000e-05	1.32000e-05	1.32000e-05	
1.34000e-05	1.34000e-05	1.34000e-05	1.34000e-05	1.34000e-05	1.34000e-05	1.34000e-05	1.34000e-05	1.34000e-05	1.34000e-05	1.34000e-05	1.34000e-05	1.34000e-05	1.34000e-05	1.34000e-05	1.34000e-05	1.34000e-05	1.34000e-05	1.34000e-05	1.34000e-05	1.34000e-05	1.34000e-05	1.34000e-05	1.34000e-05	1.34000e-05	1.34000e-05	1.34000e-05	1.34000e-05	1.34000e-05	1.34000e-05	1.34000e-05	1.34000e-05	1.34000e-05	1.34000e-05	1.34000e-05	1.34000e-05	1.34000e-05	1.34000e-05	1.34000e-05	1.34000e-05	1.34000e-05	1.34000e-05	1.34000e-05	1.34000e-05	
1.36000e-05	1.36000e-05	1.36000e-05	1.36000e-05	1.36000e-05	1.36000e-05	1.36000e-05	1.36000e-05	1.36000e-05	1.36000e-05	1.36000e-05	1.36000e-05	1.36000e-05	1.36000e-05	1.36000e-05	1.36000e-05	1.36000e-05	1.36000e-05	1.36000e-05	1.36000e-05	1.36000e-05	1.36000e-05	1.36000e-05	1.36000e-05	1.36000e-05	1.36000e-05	1.36000e-05	1.36000e-05	1.36000e-05	1.36000e-05	1.36000e-05	1.36000e-05	1.36000e-05	1.36000e-05	1.36000e-05	1.36000e-05	1.36000e-05	1.36000e-05	1.36000e-05	1.36000e-05	1.36000e-05	1.36000e-05	1.36000e-05	1.36000e-05	
1.38000e-05	1.38000e-05	1.38000e-05	1.38000e-05	1.38000e-05	1.38000e-05	1.38000e-05	1.38000e-05	1.38000e-05	1.38000e-05	1.38000e-05	1.38000e-05	1.38000e-05	1.38000e-05	1.38000e-05	1.38000e-05	1.38000e-05	1.38000e-05	1.38000e-05	1.38000e-05	1.38000e-05	1.38000e-05	1.38000e-05	1.38000e-05	1.38000e-05	1.38000e-05	1.38000e-05	1.38000e-05	1.38000e-05	1.38000e-05	1.38000e-05	1.38000e-05	1.38000e-05	1.38000e-05	1.38000e-05	1.38000e-05	1.38000e-05	1.38000e-05	1.38000e-05	1.38000e-05	1.38000e-05	1.38000e-05	1.38000e-05	1.38000e-05	
1.40000e-05	1.40000e-05	1.40000e-05	1.40000e-05	1.40000e-05	1.40000e-05	1.40000e-05	1.40000e-05	1.40000e-05	1.40000e-05	1.40000e-05	1.40000e-05	1.40000e-05	1.40000e-05	1.40000e-05	1.40000e-05	1.40000e-05	1.40000e-05	1.40000e-05	1.40000e-05	1.40000e-05	1.40000e-05	1.40000e-05	1.40000e-05	1.40000e-05	1.40000e-05	1.40000e-05	1.40000e-05	1.40000e-05	1.40000e-05	1.40000e-05	1.40000e-05	1.40000e-05	1.40000e-05	1.40000e-05	1.40000e-05	1.40000e-05	1.40000e-05	1.40000e-05	1.40000e-05	1.40000e-05	1.40000e-05	1.40000e-05	1.40000e-05	
1.40375e-05	1.40375e-05	1.40375e-05	1.40375e-05	1.40375e-05	1.40375e-05	1.40375e-05	1.40375e-05	1.40375e-05	1.40375e-05	1.40375e-05	1.40375e-05	1.40375e-05	1.40375e-05	1.40375e-05	1.40375e-05	1.40375e-05	1.40375e-05	1.40375e-05	1.40375e-05	1.40375e-05	1.40375e-05	1.40375e-05	1.40375e-05	1.40375e-05	1.40375e-05	1.40375e-05	1.40375e-05	1.40375e-05	1.40375e-05	1.40375e-05	1.40375e-05	1.40375e-05	1.40375e-05	1.40375e-05	1.40375e-05	1.40375e-05	1.40375e-05	1.40375e-05	1.40375e-05	1.40375e-05	1.40375e-05	1.40375e-05	1.40375e-05	
