4.45500e-12
0.00000e+00	0.00000e+00	0.00000e+00	0.00000e+00	0.00000e+00	0.00000e+00	0.00000e+00	0.00000e+00	0.00000e+00	0.00000e+00	0.00000e+00	0.00000e+00	0.00000e+00	0.00000e+00	0.00000e+00	0.00000e+00	0.00000e+00	0.00000e+00	0.00000e+00	0.00000e+00	
4.39535e-12
2.38057e-04	2.29614e-04	2.21192e-04	2.12789e-04	2.04393e-04	1.95998e-04	1.87597e-04	1.79186e-04	1.70758e-04	1.62307e-04	1.53838e-04	1.45396e-04	1.36974e-04	1.28568e-04	1.20170e-04	1.11775e-04	1.03377e-04	9.49703e-05	8.65489e-05	7.81068e-05	
4.33571e-12
2.38060e-04	2.29617e-04	2.21195e-04	2.12792e-04	2.04396e-04	1.96000e-04	1.87600e-04	1.79188e-04	1.70760e-04	1.62309e-04	1.53840e-04	1.45398e-04	1.36976e-04	1.28570e-04	1.20172e-04	1.11777e-04	1.03379e-04	9.49718e-05	8.65502e-05	7.81080e-05	
4.27607e-12
2.38062e-04	2.29619e-04	2.21197e-04	2.12794e-04	2.04398e-04	1.96002e-04	1.87601e-04	1.79190e-04	1.70762e-04	1.62311e-04	1.53842e-04	1.45399e-04	1.36978e-04	1.28571e-04	1.20173e-04	1.11778e-04	1.03380e-04	9.49728e-05	8.65512e-05	7.81089e-05	
4.21643e-12
2.38063e-04	2.29620e-04	2.21199e-04	2.12795e-04	2.04399e-04	1.96003e-04	1.87603e-04	1.79191e-04	1.70763e-04	1.62312e-04	1.53843e-04	1.45400e-04	1.36979e-04	1.28572e-04	1.20174e-04	1.11779e-04	1.03380e-04	9.49735e-05	8.65518e-05	7.81095e-05	
4.15678e-12
2.38064e-04	2.29622e-04	2.21200e-04	2.12796e-04	2.04400e-04	1.96004e-04	1.87604e-04	1.79192e-04	1.70764e-04	1.62313e-04	1.53844e-04	1.45401e-04	1.36980e-04	1.28573e-04	1.20174e-04	1.11779e-04	1.03381e-04	9.49741e-05	8.65524e-05	7.81100e-05	
4.09714e-12
2.38065e-04	2.29622e-04	2.21201e-04	2.12797e-04	2.04401e-04	1.96005e-04	1.87604e-04	1.79193e-04	1.70764e-04	1.62314e-04	1.53845e-04	1.45402e-04	1.36980e-04	1.28573e-04	1.20175e-04	1.11780e-04	1.03382e-04	9.49746e-05	8.65528e-05	7.81104e-05	
4.03750e-12
2.38066e-04	2.29623e-04	2.21201e-04	2.12798e-04	2.04401e-04	1.96006e-04	1.87605e-04	1.79194e-04	1.70765e-04	1.62314e-04	1.53845e-04	1.45402e-04	1.36981e-04	1.28574e-04	1.20175e-04	1.11780e-04	1.03382e-04	9.49749e-05	8.65531e-05	7.81107e-05	
3.97785e-12
2.38067e-04	2.29624e-04	2.21202e-04	2.12799e-04	2.04402e-04	1.96006e-04	1.87606e-04	1.79194e-04	1.70766e-04	1.62315e-04	1.53846e-04	1.45403e-04	1.36981e-04	1.28574e-04	1.20176e-04	1.11781e-04	1.03382e-04	9.49753e-05	8.65534e-05	7.81110e-05	
3.91821e-12
2.38067e-04	2.29624e-04	2.21203e-04	2.12799e-04	2.04403e-04	1.96007e-04	1.87606e-04	1.79195e-04	1.70766e-04	1.62315e-04	1.53846e-04	1.45403e-04	1.36981e-04	1.28574e-04	1.20176e-04	1.11781e-04	1.03383e-04	9.49756e-05	8.65537e-05	7.81112e-05	
3.85857e-12
2.38068e-04	2.29625e-04	2.21203e-04	2.12800e-04	2.04403e-04	1.96007e-04	1.87607e-04	1.79195e-04	1.70766e-04	1.62316e-04	1.53846e-04	1.45404e-04	1.36982e-04	1.28575e-04	1.20176e-04	1.11781e-04	1.03383e-04	9.49758e-05	8.65540e-05	7.81114e-05	
3.79893e-12
2.38068e-04	2.29625e-04	2.21204e-04	2.12800e-04	2.04403e-04	1.96008e-04	1.87607e-04	1.79195e-04	1.70767e-04	1.62316e-04	1.53847e-04	1.45404e-04	1.36982e-04	1.28575e-04	1.20177e-04	1.11781e-04	1.03383e-04	9.49761e-05	8.65542e-05	7.81116e-05	
3.73928e-12
2.38069e-04	2.29626e-04	2.21204e-04	2.12800e-04	2.04404e-04	1.96008e-04	1.87607e-04	1.79196e-04	1.70767e-04	1.62316e-04	1.53847e-04	1.45404e-04	1.36982e-04	1.28575e-04	1.20177e-04	1.11782e-04	1.03383e-04	9.49763e-05	8.65544e-05	7.81118e-05	
3.67964e-12
2.38069e-04	2.29626e-04	2.21204e-04	2.12801e-04	2.04404e-04	1.96008e-04	1.87608e-04	1.79196e-04	1.70768e-04	1.62316e-04	1.53847e-04	1.45405e-04	1.36983e-04	1.28576e-04	1.20177e-04	1.11782e-04	1.03384e-04	9.49765e-05	8.65545e-05	7.81120e-05	
3.62000e-12
2.38069e-04	2.29627e-04	2.21205e-04	2.12801e-04	2.04405e-04	1.96009e-04	1.87608e-04	1.79196e-04	1.70768e-04	1.62317e-04	1.53848e-04	1.45405e-04	1.36983e-04	1.28576e-04	1.20177e-04	1.11782e-04	1.03384e-04	9.49766e-05	8.65547e-05	7.81121e-05	
3.56035e-12
2.38070e-04	2.29627e-04	2.21205e-04	2.12801e-04	2.04405e-04	1.96009e-04	1.87608e-04	1.79197e-04	1.70768e-04	1.62317e-04	1.53848e-04	1.45405e-04	1.36983e-04	1.28576e-04	1.20178e-04	1.11782e-04	1.03384e-04	9.49768e-05	8.65548e-05	7.81123e-05	
3.50071e-12
2.38070e-04	2.29627e-04	2.21205e-04	2.12802e-04	2.04405e-04	1.96009e-04	1.87609e-04	1.79197e-04	1.70768e-04	1.62317e-04	1.53848e-04	1.45405e-04	1.36983e-04	1.28576e-04	1.20178e-04	1.11782e-04	1.03384e-04	9.49769e-05	8.65550e-05	7.81124e-05	
3.44107e-12
2.38070e-04	2.29627e-04	2.21205e-04	2.12802e-04	2.04405e-04	1.96010e-04	1.87609e-04	1.79197e-04	1.70768e-04	1.62317e-04	1.53848e-04	1.45405e-04	1.36983e-04	1.28576e-04	1.20178e-04	1.11783e-04	1.03384e-04	9.49771e-05	8.65551e-05	7.81125e-05	
3.38142e-12
2.38070e-04	2.29628e-04	2.21206e-04	2.12802e-04	2.04406e-04	1.96010e-04	1.87609e-04	1.79197e-04	1.70769e-04	1.62318e-04	1.53848e-04	1.45406e-04	1.36984e-04	1.28576e-04	1.20178e-04	1.11783e-04	1.03384e-04	9.49772e-05	8.65552e-05	7.81126e-05	
3.32178e-12
2.38071e-04	2.29628e-04	2.21206e-04	2.12802e-04	2.04406e-04	1.96010e-04	1.87609e-04	1.79197e-04	1.70769e-04	1.62318e-04	1.53849e-04	1.45406e-04	1.36984e-04	1.28577e-04	1.20178e-04	1.11783e-04	1.03384e-04	9.49773e-05	8.65553e-05	7.81127e-05	
3.26214e-12
2.38071e-04	2.29628e-04	2.21206e-04	2.12803e-04	2.04406e-04	1.96010e-04	1.87609e-04	1.79198e-04	1.70769e-04	1.62318e-04	1.53849e-04	1.45406e-04	1.36984e-04	1.28577e-04	1.20178e-04	1.11783e-04	1.03385e-04	9.49774e-05	8.65554e-05	7.81128e-05	
3.20250e-12
2.38071e-04	2.29628e-04	2.21206e-04	2.12803e-04	2.04406e-04	1.96010e-04	1.87609e-04	1.79198e-04	1.70769e-04	1.62318e-04	1.53849e-04	1.45406e-04	1.36984e-04	1.28577e-04	1.20178e-04	1.11783e-04	1.03385e-04	9.49775e-05	8.65555e-05	7.81129e-05	
3.14285e-12
2.38071e-04	2.29628e-04	2.21206e-04	2.12803e-04	2.04406e-04	1.96010e-04	1.87610e-04	1.79198e-04	1.70769e-04	1.62318e-04	1.53849e-04	1.45406e-04	1.36984e-04	1.28577e-04	1.20179e-04	1.11783e-04	1.03385e-04	9.49776e-05	8.65556e-05	7.81129e-05	
3.08321e-12
2.38071e-04	2.29629e-04	2.21207e-04	2.12803e-04	2.04406e-04	1.96011e-04	1.87610e-04	1.79198e-04	1.70769e-04	1.62318e-04	1.53849e-04	1.45406e-04	1.36984e-04	1.28577e-04	1.20179e-04	1.11783e-04	1.03385e-04	9.49777e-05	8.65557e-05	7.81130e-05	
3.02357e-12
2.38072e-04	2.29629e-04	2.21207e-04	2.12803e-04	2.04407e-04	1.96011e-04	1.87610e-04	1.79198e-04	1.70770e-04	1.62318e-04	1.53849e-04	1.45406e-04	1.36984e-04	1.28577e-04	1.20179e-04	1.11783e-04	1.03385e-04	9.49777e-05	8.65557e-05	7.81131e-05	
2.96392e-12
2.38072e-04	2.29629e-04	2.21207e-04	2.12803e-04	2.04407e-04	1.96011e-04	1.87610e-04	1.79198e-04	1.70770e-04	1.62319e-04	1.53849e-04	1.45407e-04	1.36984e-04	1.28577e-04	1.20179e-04	1.11783e-04	1.03385e-04	9.49778e-05	8.65558e-05	7.81131e-05	
2.90428e-12
2.38072e-04	2.29629e-04	2.21207e-04	2.12803e-04	2.04407e-04	1.96011e-04	1.87610e-04	1.79198e-04	1.70770e-04	1.62319e-04	1.53849e-04	1.45407e-04	1.36985e-04	1.28577e-04	1.20179e-04	1.11783e-04	1.03385e-04	9.49779e-05	8.65559e-05	7.81132e-05	
2.84464e-12
2.38072e-04	2.29629e-04	2.21207e-04	2.12804e-04	2.04407e-04	1.96011e-04	1.87610e-04	1.79198e-04	1.70770e-04	1.62319e-04	1.53849e-04	1.45407e-04	1.36985e-04	1.28577e-04	1.20179e-04	1.11784e-04	1.03385e-04	9.49779e-05	8.65559e-05	7.81132e-05	
2.78500e-12
2.38072e-04	2.29629e-04	2.21207e-04	2.12804e-04	2.04407e-04	1.96011e-04	1.87610e-04	1.79199e-04	1.70770e-04	1.62319e-04	1.53850e-04	1.45407e-04	1.36985e-04	1.28577e-04	1.20179e-04	1.11784e-04	1.03385e-04	9.49780e-05	8.65560e-05	7.81133e-05	
2.72535e-12
2.38072e-04	2.29629e-04	2.21207e-04	2.12804e-04	2.04407e-04	1.96011e-04	1.87610e-04	1.79199e-04	1.70770e-04	1.62319e-04	1.53850e-04	1.45407e-04	1.36985e-04	1.28578e-04	1.20179e-04	1.11784e-04	1.03385e-04	9.49780e-05	8.65560e-05	7.81133e-05	
2.66571e-12
2.38072e-04	2.29629e-04	2.21207e-04	2.12804e-04	2.04407e-04	1.96011e-04	1.87610e-04	1.79199e-04	1.70770e-04	1.62319e-04	1.53850e-04	1.45407e-04	1.36985e-04	1.28578e-04	1.20179e-04	1.11784e-04	1.03385e-04	9.49781e-05	8.65560e-05	7.81134e-05	
2.60607e-12
2.38072e-04	2.29629e-04	2.21207e-04	2.12804e-04	2.04407e-04	1.96011e-04	1.87611e-04	1.79199e-04	1.70770e-04	1.62319e-04	1.53850e-04	1.45407e-04	1.36985e-04	1.28578e-04	1.20179e-04	1.11784e-04	1.03385e-04	9.49781e-05	8.65561e-05	7.81134e-05	
2.54642e-12
2.38072e-04	2.29630e-04	2.21208e-04	2.12804e-04	2.04407e-04	1.96011e-04	1.87611e-04	1.79199e-04	1.70770e-04	1.62319e-04	1.53850e-04	1.45407e-04	1.36985e-04	1.28578e-04	1.20179e-04	1.11784e-04	1.03385e-04	9.49782e-05	8.65561e-05	7.81134e-05	
2.48678e-12
2.38073e-04	2.29630e-04	2.21208e-04	2.12804e-04	2.04407e-04	1.96012e-04	1.87611e-04	1.79199e-04	1.70770e-04	1.62319e-04	1.53850e-04	1.45407e-04	1.36985e-04	1.28578e-04	1.20179e-04	1.11784e-04	1.03385e-04	9.49782e-05	8.65562e-05	7.81135e-05	
2.42714e-12
2.38073e-04	2.29630e-04	2.21208e-04	2.12804e-04	2.04407e-04	1.96012e-04	1.87611e-04	1.79199e-04	1.70770e-04	1.62319e-04	1.53850e-04	1.45407e-04	1.36985e-04	1.28578e-04	1.20179e-04	1.11784e-04	1.03385e-04	9.49782e-05	8.65562e-05	7.81135e-05	
2.36750e-12
2.38073e-04	2.29630e-04	2.21208e-04	2.12804e-04	2.04407e-04	1.96012e-04	1.87611e-04	1.79199e-04	1.70770e-04	1.62319e-04	1.53850e-04	1.45407e-04	1.36985e-04	1.28578e-04	1.20179e-04	1.11784e-04	1.03386e-04	9.49783e-05	8.65562e-05	7.81135e-05	
2.30785e-12
2.38073e-04	2.29630e-04	2.21208e-04	2.12804e-04	2.04408e-04	1.96012e-04	1.87611e-04	1.79199e-04	1.70770e-04	1.62319e-04	1.53850e-04	1.45407e-04	1.36985e-04	1.28578e-04	1.20179e-04	1.11784e-04	1.03386e-04	9.49783e-05	8.65562e-05	7.81135e-05	
2.24821e-12
2.38073e-04	2.29630e-04	2.21208e-04	2.12804e-04	2.04408e-04	1.96012e-04	1.87611e-04	1.79199e-04	1.70770e-04	1.62319e-04	1.53850e-04	1.45407e-04	1.36985e-04	1.28578e-04	1.20179e-04	1.11784e-04	1.03386e-04	9.49783e-05	8.65563e-05	7.81136e-05	
2.18857e-12
2.38073e-04	2.29630e-04	2.21208e-04	2.12804e-04	2.04408e-04	1.96012e-04	1.87611e-04	1.79199e-04	1.70770e-04	1.62319e-04	1.53850e-04	1.45407e-04	1.36985e-04	1.28578e-04	1.20179e-04	1.11784e-04	1.03386e-04	9.49783e-05	8.65563e-05	7.81136e-05	
2.12892e-12
2.38073e-04	2.29630e-04	2.21208e-04	2.12804e-04	2.04408e-04	1.96012e-04	1.87611e-04	1.79199e-04	1.70771e-04	1.62319e-04	1.53850e-04	1.45407e-04	1.36985e-04	1.28578e-04	1.20180e-04	1.11784e-04	1.03386e-04	9.49784e-05	8.65563e-05	7.81136e-05	
2.06928e-12
2.38073e-04	2.29630e-04	2.21208e-04	2.12804e-04	2.04408e-04	1.96012e-04	1.87611e-04	1.79199e-04	1.70771e-04	1.62319e-04	1.53850e-04	1.45407e-04	1.36985e-04	1.28578e-04	1.20180e-04	1.11784e-04	1.03386e-04	9.49784e-05	8.65563e-05	7.81136e-05	
2.00964e-12
2.38073e-04	2.29630e-04	2.21208e-04	2.12804e-04	2.04408e-04	1.96012e-04	1.87611e-04	1.79199e-04	1.70771e-04	1.62319e-04	1.53850e-04	1.45407e-04	1.36985e-04	1.28578e-04	1.20180e-04	1.11784e-04	1.03386e-04	9.49784e-05	8.65563e-05	7.81136e-05	
1.95000e-12
2.38073e-04	2.29630e-04	2.21208e-04	2.12805e-04	2.04408e-04	1.96012e-04	1.87611e-04	1.79199e-04	1.70771e-04	1.62319e-04	1.53850e-04	1.45407e-04	1.36985e-04	1.28578e-04	1.20180e-04	1.11784e-04	1.03386e-04	9.49784e-05	8.65564e-05	7.81137e-05	
1.89035e-12
2.38073e-04	2.29630e-04	2.21208e-04	2.12805e-04	2.04408e-04	1.96012e-04	1.87611e-04	1.79199e-04	1.70771e-04	1.62320e-04	1.53850e-04	1.45407e-04	1.36985e-04	1.28578e-04	1.20180e-04	1.11784e-04	1.03386e-04	9.49784e-05	8.65564e-05	7.81137e-05	
1.83071e-12
2.38073e-04	2.29630e-04	2.21208e-04	2.12805e-04	2.04408e-04	1.96012e-04	1.87611e-04	1.79199e-04	1.70771e-04	1.62320e-04	1.53850e-04	1.45407e-04	1.36985e-04	1.28578e-04	1.20180e-04	1.11784e-04	1.03386e-04	9.49784e-05	8.65564e-05	7.81137e-05	
1.77107e-12
2.38073e-04	2.29630e-04	2.21208e-04	2.12805e-04	2.04408e-04	1.96012e-04	1.87611e-04	1.79199e-04	1.70771e-04	1.62320e-04	1.53850e-04	1.45407e-04	1.36985e-04	1.28578e-04	1.20180e-04	1.11784e-04	1.03386e-04	9.49785e-05	8.65564e-05	7.81137e-05	
1.71142e-12
2.38073e-04	2.29630e-04	2.21208e-04	2.12805e-04	2.04408e-04	1.96012e-04	1.87611e-04	1.79199e-04	1.70771e-04	1.62320e-04	1.53850e-04	1.45407e-04	1.36985e-04	1.28578e-04	1.20180e-04	1.11784e-04	1.03386e-04	9.49785e-05	8.65564e-05	7.81137e-05	
1.65178e-12
2.38073e-04	2.29630e-04	2.21208e-04	2.12805e-04	2.04408e-04	1.96012e-04	1.87611e-04	1.79199e-04	1.70771e-04	1.62320e-04	1.53850e-04	1.45407e-04	1.36985e-04	1.28578e-04	1.20180e-04	1.11784e-04	1.03386e-04	9.49785e-05	8.65564e-05	7.81137e-05	
1.59214e-12
2.38073e-04	2.29630e-04	2.21208e-04	2.12805e-04	2.04408e-04	1.96012e-04	1.87611e-04	1.79199e-04	1.70771e-04	1.62320e-04	1.53850e-04	1.45407e-04	1.36985e-04	1.28578e-04	1.20180e-04	1.11784e-04	1.03386e-04	9.49785e-05	8.65564e-05	7.81137e-05	
1.53250e-12
2.38073e-04	2.29630e-04	2.21208e-04	2.12805e-04	2.04408e-04	1.96012e-04	1.87611e-04	1.79199e-04	1.70771e-04	1.62320e-04	1.53850e-04	1.45407e-04	1.36985e-04	1.28578e-04	1.20180e-04	1.11784e-04	1.03386e-04	9.49785e-05	8.65564e-05	7.81137e-05	
1.47285e-12
2.38073e-04	2.29630e-04	2.21208e-04	2.12805e-04	2.04408e-04	1.96012e-04	1.87611e-04	1.79199e-04	1.70771e-04	1.62320e-04	1.53850e-04	1.45407e-04	1.36985e-04	1.28578e-04	1.20180e-04	1.11784e-04	1.03386e-04	9.49785e-05	8.65564e-05	7.81137e-05	
1.41321e-12
2.38073e-04	2.29630e-04	2.21208e-04	2.12805e-04	2.04408e-04	1.96012e-04	1.87611e-04	1.79199e-04	1.70771e-04	1.62320e-04	1.53850e-04	1.45407e-04	1.36985e-04	1.28578e-04	1.20180e-04	1.11784e-04	1.03386e-04	9.49785e-05	8.65565e-05	7.81137e-05	
1.35357e-12
2.38073e-04	2.29630e-04	2.21208e-04	2.12805e-04	2.04408e-04	1.96012e-04	1.87611e-04	1.79199e-04	1.70771e-04	1.62320e-04	1.53850e-04	1.45407e-04	1.36985e-04	1.28578e-04	1.20180e-04	1.11784e-04	1.03386e-04	9.49785e-05	8.65565e-05	7.81137e-05	
1.29392e-12
2.38073e-04	2.29630e-04	2.21208e-04	2.12805e-04	2.04408e-04	1.96012e-04	1.87611e-04	1.79199e-04	1.70771e-04	1.62320e-04	1.53850e-04	1.45408e-04	1.36985e-04	1.28578e-04	1.20180e-04	1.11784e-04	1.03386e-04	9.49785e-05	8.65565e-05	7.81138e-05	
1.23428e-12
2.38073e-04	2.29630e-04	2.21208e-04	2.12805e-04	2.04408e-04	1.96012e-04	1.87611e-04	1.79199e-04	1.70771e-04	1.62320e-04	1.53850e-04	1.45408e-04	1.36985e-04	1.28578e-04	1.20180e-04	1.11784e-04	1.03386e-04	9.49785e-05	8.65565e-05	7.81138e-05	
1.17464e-12
2.38073e-04	2.29630e-04	2.21208e-04	2.12805e-04	2.04408e-04	1.96012e-04	1.87611e-04	1.79199e-04	1.70771e-04	1.62320e-04	1.53850e-04	1.45408e-04	1.36985e-04	1.28578e-04	1.20180e-04	1.11784e-04	1.03386e-04	9.49785e-05	8.65565e-05	7.81138e-05	
1.11500e-12
2.38073e-04	2.29630e-04	2.21208e-04	2.12805e-04	2.04408e-04	1.96012e-04	1.87611e-04	1.79199e-04	1.70771e-04	1.62320e-04	1.53850e-04	1.45408e-04	1.36985e-04	1.28578e-04	1.20180e-04	1.11784e-04	1.03386e-04	9.49785e-05	8.65565e-05	7.81138e-05	
1.05535e-12
2.38073e-04	2.29630e-04	2.21208e-04	2.12805e-04	2.04408e-04	1.96012e-04	1.87611e-04	1.79199e-04	1.70771e-04	1.62320e-04	1.53850e-04	1.45408e-04	1.36985e-04	1.28578e-04	1.20180e-04	1.11784e-04	1.03386e-04	9.49786e-05	8.65565e-05	7.81138e-05	
9.95709e-13
2.38073e-04	2.29630e-04	2.21208e-04	2.12805e-04	2.04408e-04	1.96012e-04	1.87611e-04	1.79200e-04	1.70771e-04	1.62320e-04	1.53850e-04	1.45408e-04	1.36985e-04	1.28578e-04	1.20180e-04	1.11784e-04	1.03386e-04	9.49786e-05	8.65565e-05	7.81138e-05	
9.36066e-13
2.38073e-04	2.29630e-04	2.21208e-04	2.12805e-04	2.04408e-04	1.96012e-04	1.87611e-04	1.79200e-04	1.70771e-04	1.62320e-04	1.53850e-04	1.45408e-04	1.36985e-04	1.28578e-04	1.20180e-04	1.11784e-04	1.03386e-04	9.49786e-05	8.65565e-05	7.81138e-05	
8.76424e-13
2.38073e-04	2.29630e-04	2.21208e-04	2.12805e-04	2.04408e-04	1.96012e-04	1.87611e-04	1.79200e-04	1.70771e-04	1.62320e-04	1.53850e-04	1.45408e-04	1.36985e-04	1.28578e-04	1.20180e-04	1.11784e-04	1.03386e-04	9.49786e-05	8.65565e-05	7.81138e-05	
8.16781e-13
2.38073e-04	2.29630e-04	2.21208e-04	2.12805e-04	2.04408e-04	1.96012e-04	1.87611e-04	1.79200e-04	1.70771e-04	1.62320e-04	1.53850e-04	1.45408e-04	1.36985e-04	1.28578e-04	1.20180e-04	1.11784e-04	1.03386e-04	9.49786e-05	8.65565e-05	7.81138e-05	
7.57138e-13
2.38073e-04	2.29630e-04	2.21208e-04	2.12805e-04	2.04408e-04	1.96012e-04	1.87611e-04	1.79200e-04	1.70771e-04	1.62320e-04	1.53850e-04	1.45408e-04	1.36985e-04	1.28578e-04	1.20180e-04	1.11784e-04	1.03386e-04	9.49786e-05	8.65565e-05	7.81138e-05	
6.97495e-13
2.38073e-04	2.29630e-04	2.21208e-04	2.12805e-04	2.04408e-04	1.96012e-04	1.87611e-04	1.79200e-04	1.70771e-04	1.62320e-04	1.53850e-04	1.45408e-04	1.36986e-04	1.28578e-04	1.20180e-04	1.11784e-04	1.03386e-04	9.49786e-05	8.65565e-05	7.81138e-05	
6.37852e-13
2.38073e-04	2.29630e-04	2.21208e-04	2.12805e-04	2.04408e-04	1.96012e-04	1.87611e-04	1.79200e-04	1.70771e-04	1.62320e-04	1.53850e-04	1.45408e-04	1.36986e-04	1.28578e-04	1.20180e-04	1.11784e-04	1.03386e-04	9.49786e-05	8.65565e-05	7.81138e-05	
5.78209e-13
2.38073e-04	2.29630e-04	2.21208e-04	2.12805e-04	2.04408e-04	1.96012e-04	1.87611e-04	1.79200e-04	1.70771e-04	1.62320e-04	1.53850e-04	1.45408e-04	1.36986e-04	1.28578e-04	1.20180e-04	1.11784e-04	1.03386e-04	9.49786e-05	8.65565e-05	7.81138e-05	
5.18566e-13
2.38073e-04	2.29630e-04	2.21208e-04	2.12805e-04	2.04408e-04	1.96012e-04	1.87611e-04	1.79200e-04	1.70771e-04	1.62320e-04	1.53850e-04	1.45408e-04	1.36986e-04	1.28578e-04	1.20180e-04	1.11784e-04	1.03386e-04	9.49786e-05	8.65565e-05	7.81138e-05	
4.58923e-13
2.38073e-04	2.29630e-04	2.21208e-04	2.12805e-04	2.04408e-04	1.96012e-04	1.87611e-04	1.79200e-04	1.70771e-04	1.62320e-04	1.53850e-04	1.45408e-04	1.36986e-04	1.28578e-04	1.20180e-04	1.11784e-04	1.03386e-04	9.49786e-05	8.65565e-05	7.81138e-05	
3.99280e-13
2.38073e-04	2.29630e-04	2.21208e-04	2.12805e-04	2.04408e-04	1.96012e-04	1.87611e-04	1.79200e-04	1.70771e-04	1.62320e-04	1.53850e-04	1.45408e-04	1.36986e-04	1.28578e-04	1.20180e-04	1.11784e-04	1.03386e-04	9.49786e-05	8.65565e-05	7.81138e-05	
3.39638e-13
2.38073e-04	2.29630e-04	2.21208e-04	2.12805e-04	2.04408e-04	1.96012e-04	1.87611e-04	1.79200e-04	1.70771e-04	1.62320e-04	1.53850e-04	1.45408e-04	1.36986e-04	1.28578e-04	1.20180e-04	1.11784e-04	1.03386e-04	9.49786e-05	8.65565e-05	7.81138e-05	
2.79995e-13
2.38073e-04	2.29630e-04	2.21208e-04	2.12805e-04	2.04408e-04	1.96012e-04	1.87611e-04	1.79200e-04	1.70771e-04	1.62320e-04	1.53850e-04	1.45408e-04	1.36986e-04	1.28578e-04	1.20180e-04	1.11784e-04	1.03386e-04	9.49786e-05	8.65565e-05	7.81138e-05	
2.20352e-13
2.38073e-04	2.29630e-04	2.21208e-04	2.12805e-04	2.04408e-04	1.96012e-04	1.87611e-04	1.79200e-04	1.70771e-04	1.62320e-04	1.53850e-04	1.45408e-04	1.36986e-04	1.28578e-04	1.20180e-04	1.11784e-04	1.03386e-04	9.49786e-05	8.65565e-05	7.81138e-05	
1.60709e-13
2.38073e-04	2.29630e-04	2.21208e-04	2.12805e-04	2.04408e-04	1.96012e-04	1.87611e-04	1.79200e-04	1.70771e-04	1.62320e-04	1.53850e-04	1.45408e-04	1.36986e-04	1.28578e-04	1.20180e-04	1.11784e-04	1.03386e-04	9.49786e-05	8.65565e-05	7.81138e-05	
1.01066e-13
2.38073e-04	2.29630e-04	2.21208e-04	2.12805e-04	2.04408e-04	1.96012e-04	1.87611e-04	1.79200e-04	1.70771e-04	1.62320e-04	1.53850e-04	1.45408e-04	1.36986e-04	1.28578e-04	1.20180e-04	1.11784e-04	1.03386e-04	9.49786e-05	8.65565e-05	7.81138e-05	
4.14231e-14
2.38073e-04	2.29630e-04	2.21208e-04	2.12805e-04	2.04408e-04	1.96012e-04	1.87611e-04	1.79200e-04	1.70771e-04	1.62320e-04	1.53850e-04	1.45408e-04	1.36986e-04	1.28578e-04	1.20180e-04	1.11784e-04	1.03386e-04	9.49786e-05	8.65565e-05	7.81138e-05	
-8.98475e-17
2.12645e-08	2.07928e-08	2.02932e-08	1.97711e-08	1.92266e-08	1.86605e-08	1.80731e-08	1.74649e-08	1.68364e-08	1.61878e-08	1.55206e-08	1.48391e-08	1.41440e-08	1.34358e-08	1.27148e-08	1.19816e-08	1.12365e-08	1.04800e-08	9.71221e-09	8.93366e-09	
-8.98475e-17
1.57484e-08	1.54036e-08	1.50375e-08	1.46542e-08	1.42539e-08	1.38371e-08	1.34041e-08	1.29553e-08	1.24910e-08	1.20116e-08	1.15180e-08	1.10136e-08	1.04988e-08	9.97402e-09	9.43966e-09	8.89603e-09	8.34344e-09	7.78220e-09	7.21260e-09	6.63494e-09	
-8.98475e-17
1.31273e-08	1.28353e-08	1.25262e-08	1.22033e-08	1.18668e-08	1.15171e-08	1.11545e-08	1.07793e-08	1.03917e-08	9.99198e-09	9.58090e-09	9.16129e-09	8.73349e-09	8.29779e-09	7.85449e-09	7.40385e-09	6.94613e-09	6.48155e-09	6.01035e-09	5.53275e-09	
-8.98475e-17
1.12970e-08	1.10420e-08	1.07726e-08	1.04919e-08	1.02001e-08	9.89733e-09	9.58393e-09	9.26011e-09	8.92607e-09	8.58202e-09	8.22859e-09	7.86818e-09	7.50109e-09	7.12756e-09	6.74782e-09	6.36207e-09	5.97053e-09	5.57339e-09	5.17083e-09	4.76304e-09	
-8.98475e-17
9.93213e-09	9.70512e-09	9.46588e-09	9.21706e-09	8.95879e-09	8.69128e-09	8.41475e-09	8.12938e-09	7.83534e-09	7.53280e-09	7.22230e-09	6.90595e-09	6.58399e-09	6.25662e-09	5.92403e-09	5.58640e-09	5.24391e-09	4.89671e-09	4.54495e-09	4.18880e-09	
-8.98475e-17
8.85948e-09	8.65506e-09	8.43998e-09	8.21662e-09	7.98509e-09	7.74557e-09	7.49823e-09	7.24323e-09	6.98071e-09	6.71082e-09	6.43404e-09	6.15223e-09	5.86559e-09	5.57431e-09	5.27853e-09	4.97843e-09	4.67415e-09	4.36583e-09	4.05359e-09	3.73759e-09	
-8.98475e-17
7.98025e-09	7.79484e-09	7.60001e-09	7.39791e-09	7.18862e-09	6.97229e-09	6.74908e-09	6.51911e-09	6.28253e-09	6.03944e-09	5.79026e-09	5.53669e-09	5.27890e-09	5.01703e-09	4.75124e-09	4.48165e-09	4.20841e-09	3.93164e-09	3.65146e-09	3.36798e-09	
-8.98475e-17
7.23588e-09	7.06697e-09	6.88963e-09	6.70582e-09	6.51561e-09	6.31912e-09	6.11650e-09	5.90785e-09	5.69328e-09	5.47291e-09	5.24711e-09	5.01739e-09	4.78393e-09	4.54684e-09	4.30627e-09	4.06234e-09	3.81517e-09	3.56487e-09	3.31154e-09	3.05531e-09	
-8.98475e-17
6.59042e-09	6.43609e-09	6.27418e-09	6.10646e-09	5.93297e-09	5.75385e-09	5.56919e-09	5.37911e-09	5.18369e-09	4.98304e-09	4.77749e-09	4.56843e-09	4.35600e-09	4.14032e-09	3.92151e-09	3.69969e-09	3.47495e-09	3.24742e-09	3.01719e-09	2.78437e-09	
-8.98475e-17
6.02099e-09	5.87973e-09	5.73160e-09	5.57822e-09	5.41963e-09	5.25593e-09	5.08721e-09	4.91356e-09	4.73508e-09	4.55184e-09	4.36415e-09	4.17329e-09	3.97936e-09	3.78250e-09	3.58281e-09	3.38039e-09	3.17534e-09	2.96777e-09	2.75776e-09	2.54543e-09	
-8.98475e-17
5.51246e-09	5.38301e-09	5.24732e-09	5.10686e-09	4.96165e-09	4.81178e-09	4.65735e-09	4.49842e-09	4.33508e-09	4.16740e-09	3.99566e-09	3.82102e-09	3.64360e-09	3.46349e-09	3.28081e-09	3.09565e-09	2.90810e-09	2.71826e-09	2.52622e-09	2.33207e-09	
-8.98475e-17
5.05443e-09	4.93571e-09	4.81129e-09	4.68252e-09	4.54942e-09	4.41207e-09	4.27054e-09	4.12489e-09	3.97520e-09	3.82154e-09	3.66416e-09	3.50412e-09	3.34153e-09	3.17649e-09	3.00909e-09	2.83942e-09	2.66758e-09	2.49365e-09	2.31772e-09	2.13987e-09	
-8.98475e-17
4.63939e-09	4.53044e-09	4.41630e-09	4.29817e-09	4.17608e-09	4.05008e-09	3.92026e-09	3.78666e-09	3.64935e-09	3.50839e-09	3.36401e-09	3.21719e-09	3.06803e-09	2.91661e-09	2.76303e-09	2.60737e-09	2.44972e-09	2.29016e-09	2.12877e-09	1.96564e-09	
-8.98475e-17
4.26175e-09	4.16173e-09	4.05695e-09	3.94853e-09	3.83647e-09	3.72083e-09	3.60167e-09	3.47904e-09	3.35299e-09	3.22358e-09	3.09103e-09	2.95623e-09	2.81926e-09	2.68023e-09	2.53920e-09	2.39626e-09	2.25150e-09	2.10498e-09	1.95680e-09	1.80702e-09	
-8.98475e-17
3.91711e-09	3.82525e-09	3.72905e-09	3.62949e-09	3.52660e-09	3.42042e-09	3.31099e-09	3.19837e-09	3.08259e-09	2.96373e-09	2.84196e-09	2.71812e-09	2.59228e-09	2.46453e-09	2.33494e-09	2.20360e-09	2.07057e-09	1.93594e-09	1.79978e-09	1.66217e-09	
-8.98475e-17
3.60192e-09	3.51755e-09	3.42918e-09	3.33775e-09	3.24324e-09	3.14570e-09	3.04517e-09	2.94170e-09	2.83533e-09	2.72610e-09	2.61419e-09	2.50036e-09	2.38469e-09	2.26725e-09	2.14811e-09	2.02736e-09	1.90506e-09	1.78128e-09	1.65609e-09	1.52959e-09	
