0.00000e+00	
3.16905e-05	
3.16911e-05	
3.16915e-05	
3.16918e-05	
3.16921e-05	
3.16923e-05	
3.16925e-05	
3.16926e-05	
3.16927e-05	
3.16928e-05	
3.16930e-05	
3.16930e-05	
3.16931e-05	
3.16932e-05	
3.16933e-05	
3.16934e-05	
3.16934e-05	
3.16935e-05	
3.16935e-05	
3.16936e-05	
3.16936e-05	
3.16937e-05	
3.16937e-05	
3.16937e-05	
3.16938e-05	
3.16938e-05	
3.16938e-05	
3.16938e-05	
3.16939e-05	
3.16939e-05	
3.16939e-05	
3.16939e-05	
3.16939e-05	
3.16940e-05	
3.16940e-05	
3.16940e-05	
3.16940e-05	
3.16940e-05	
3.16940e-05	
3.16940e-05	
3.16940e-05	
3.16940e-05	
3.16940e-05	
3.16941e-05	
3.16941e-05	
3.16941e-05	
3.16941e-05	
3.16941e-05	
3.16941e-05	
3.16941e-05	
3.16941e-05	
3.16941e-05	
3.16941e-05	
3.16941e-05	
3.16941e-05	
3.16941e-05	
3.16941e-05	
3.16941e-05	
3.16941e-05	
3.16941e-05	
3.16941e-05	
3.16941e-05	
3.16941e-05	
3.16941e-05	
3.16941e-05	
3.16941e-05	
3.16941e-05	
3.16941e-05	
3.16941e-05	
3.16941e-05	
3.16941e-05	
3.16941e-05	
3.16941e-05	
3.16941e-05	
4.61010e-09	
3.42689e-09	
2.88192e-09	
2.50090e-09	
2.21408e-09	
1.98617e-09	
1.79737e-09	
1.63603e-09	
1.49502e-09	
1.36977e-09	
1.25728e-09	
1.15546e-09	
1.06280e-09	
9.78168e-10	
9.00674e-10	
8.29585e-10	
