0.00000e+00	
0.00000e+00	
0.00000e+00	
0.00000e+00	
0.00000e+00	
0.00000e+00	
0.00000e+00	
0.00000e+00	
0.00000e+00	
0.00000e+00	
2.00884e-05	
1.79737e-05	
1.58592e-05	
1.37445e-05	
1.16300e-05	
9.51536e-06	
7.40104e-06	
5.28640e-06	
3.17176e-06	
1.05731e-06	
2.00889e-05	
1.79741e-05	
1.58596e-05	
1.37449e-05	
1.16303e-05	
9.51561e-06	
7.40124e-06	
5.28654e-06	
3.17185e-06	
1.05734e-06	
2.00892e-05	
1.79744e-05	
1.58598e-05	
1.37451e-05	
1.16305e-05	
9.51578e-06	
7.40137e-06	
5.28664e-06	
3.17191e-06	
1.05736e-06	
2.00894e-05	
1.79746e-05	
1.58600e-05	
1.37453e-05	
1.16307e-05	
9.51590e-06	
7.40147e-06	
5.28671e-06	
3.17195e-06	
1.05738e-06	
2.00896e-05	
1.79748e-05	
1.58602e-05	
1.37454e-05	
1.16308e-05	
9.51600e-06	
7.40154e-06	
5.28676e-06	
3.17198e-06	
1.05739e-06	
2.00897e-05	
1.79750e-05	
1.58603e-05	
1.37455e-05	
1.16309e-05	
9.51608e-06	
7.40161e-06	
5.28681e-06	
3.17201e-06	
1.05740e-06	
2.00899e-05	
1.79751e-05	
1.58604e-05	
1.37456e-05	
1.16310e-05	
9.51615e-06	
7.40166e-06	
5.28685e-06	
3.17204e-06	
1.05740e-06	
2.00900e-05	
1.79752e-05	
1.58605e-05	
1.37457e-05	
1.16310e-05	
9.51621e-06	
7.40171e-06	
5.28688e-06	
3.17206e-06	
1.05741e-06	
2.00901e-05	
1.79753e-05	
1.58606e-05	
1.37458e-05	
1.16311e-05	
9.51627e-06	
7.40175e-06	
5.28691e-06	
3.17207e-06	
1.05742e-06	
2.00902e-05	
1.79754e-05	
1.58607e-05	
1.37458e-05	
1.16312e-05	
9.51632e-06	
7.40179e-06	
5.28694e-06	
3.17209e-06	
1.05742e-06	
2.00903e-05	
1.79754e-05	
1.58608e-05	
1.37459e-05	
1.16312e-05	
9.51636e-06	
7.40183e-06	
5.28697e-06	
3.17211e-06	
1.05743e-06	
2.00903e-05	
1.79755e-05	
1.58608e-05	
1.37460e-05	
1.16313e-05	
9.51640e-06	
7.40186e-06	
5.28699e-06	
3.17212e-06	
1.05743e-06	
2.00904e-05	
1.79756e-05	
1.58609e-05	
1.37460e-05	
1.16313e-05	
9.51644e-06	
7.40189e-06	
5.28701e-06	
3.17213e-06	
1.05744e-06	
2.00905e-05	
1.79756e-05	
1.58609e-05	
1.37461e-05	
1.16314e-05	
9.51647e-06	
7.40191e-06	
5.28703e-06	
3.17215e-06	
1.05744e-06	
2.00905e-05	
1.79757e-05	
1.58610e-05	
1.37461e-05	
1.16314e-05	
9.51650e-06	
7.40194e-06	
5.28705e-06	
3.17216e-06	
1.05745e-06	
2.00906e-05	
1.79757e-05	
1.58610e-05	
1.37461e-05	
1.16314e-05	
9.51653e-06	
7.40196e-06	
5.28706e-06	
3.17217e-06	
1.05745e-06	
2.00906e-05	
1.79758e-05	
1.58611e-05	
1.37462e-05	
1.16315e-05	
9.51656e-06	
7.40198e-06	
5.28708e-06	
3.17218e-06	
1.05745e-06	
2.00907e-05	
1.79758e-05	
1.58611e-05	
1.37462e-05	
1.16315e-05	
9.51659e-06	
7.40200e-06	
5.28709e-06	
3.17218e-06	
1.05745e-06	
2.00907e-05	
1.79759e-05	
1.58611e-05	
1.37462e-05	
1.16315e-05	
9.51661e-06	
7.40202e-06	
5.28711e-06	
3.17219e-06	
1.05746e-06	
2.00907e-05	
1.79759e-05	
1.58612e-05	
1.37463e-05	
1.16315e-05	
9.51663e-06	
7.40204e-06	
5.28712e-06	
3.17220e-06	
1.05746e-06	
2.00908e-05	
1.79759e-05	
1.58612e-05	
1.37463e-05	
1.16316e-05	
9.51665e-06	
7.40205e-06	
5.28713e-06	
3.17221e-06	
1.05746e-06	
2.00908e-05	
1.79759e-05	
1.58612e-05	
1.37463e-05	
1.16316e-05	
9.51667e-06	
7.40207e-06	
5.28714e-06	
3.17221e-06	
1.05746e-06	
2.00908e-05	
1.79760e-05	
1.58613e-05	
1.37464e-05	
1.16316e-05	
9.51668e-06	
7.40208e-06	
5.28715e-06	
3.17222e-06	
1.05747e-06	
2.00909e-05	
1.79760e-05	
1.58613e-05	
1.37464e-05	
1.16316e-05	
9.51670e-06	
7.40209e-06	
5.28716e-06	
3.17222e-06	
1.05747e-06	
2.00909e-05	
1.79760e-05	
1.58613e-05	
1.37464e-05	
1.16316e-05	
9.51671e-06	
7.40210e-06	
5.28717e-06	
3.17223e-06	
1.05747e-06	
2.00909e-05	
1.79760e-05	
1.58613e-05	
1.37464e-05	
1.16317e-05	
9.51672e-06	
7.40211e-06	
5.28717e-06	
3.17223e-06	
1.05747e-06	
2.00909e-05	
1.79761e-05	
1.58613e-05	
1.37464e-05	
1.16317e-05	
9.51674e-06	
7.40212e-06	
5.28718e-06	
3.17224e-06	
1.05747e-06	
2.00910e-05	
1.79761e-05	
1.58614e-05	
1.37464e-05	
1.16317e-05	
9.51675e-06	
7.40213e-06	
5.28719e-06	
3.17224e-06	
1.05747e-06	
2.00910e-05	
1.79761e-05	
1.58614e-05	
1.37465e-05	
1.16317e-05	
9.51676e-06	
7.40214e-06	
5.28719e-06	
3.17224e-06	
1.05747e-06	
2.00910e-05	
1.79761e-05	
1.58614e-05	
1.37465e-05	
1.16317e-05	
9.51677e-06	
7.40215e-06	
5.28720e-06	
3.17225e-06	
1.05748e-06	
2.00910e-05	
1.79761e-05	
1.58614e-05	
1.37465e-05	
1.16317e-05	
9.51678e-06	
7.40215e-06	
5.28720e-06	
3.17225e-06	
1.05748e-06	
2.00910e-05	
1.79761e-05	
1.58614e-05	
1.37465e-05	
1.16317e-05	
9.51678e-06	
7.40216e-06	
5.28721e-06	
3.17225e-06	
1.05748e-06	
2.00910e-05	
1.79762e-05	
1.58614e-05	
1.37465e-05	
1.16317e-05	
9.51679e-06	
7.40217e-06	
5.28721e-06	
3.17225e-06	
1.05748e-06	
2.00910e-05	
1.79762e-05	
1.58614e-05	
1.37465e-05	
1.16317e-05	
9.51680e-06	
7.40217e-06	
5.28721e-06	
3.17226e-06	
1.05748e-06	
2.00911e-05	
1.79762e-05	
1.58614e-05	
1.37465e-05	
1.16318e-05	
9.51680e-06	
7.40218e-06	
5.28722e-06	
3.17226e-06	
1.05748e-06	
2.00911e-05	
1.79762e-05	
1.58615e-05	
1.37465e-05	
1.16318e-05	
9.51681e-06	
7.40218e-06	
5.28722e-06	
3.17226e-06	
1.05748e-06	
2.00911e-05	
1.79762e-05	
1.58615e-05	
1.37465e-05	
1.16318e-05	
9.51682e-06	
7.40219e-06	
5.28722e-06	
3.17226e-06	
1.05748e-06	
2.00911e-05	
1.79762e-05	
1.58615e-05	
1.37465e-05	
1.16318e-05	
9.51682e-06	
7.40219e-06	
5.28723e-06	
3.17227e-06	
1.05748e-06	
2.00911e-05	
1.79762e-05	
1.58615e-05	
1.37465e-05	
1.16318e-05	
9.51682e-06	
7.40219e-06	
5.28723e-06	
3.17227e-06	
1.05748e-06	
2.00911e-05	
1.79762e-05	
1.58615e-05	
1.37466e-05	
1.16318e-05	
9.51683e-06	
7.40220e-06	
5.28723e-06	
3.17227e-06	
1.05748e-06	
2.00911e-05	
1.79762e-05	
1.58615e-05	
1.37466e-05	
1.16318e-05	
9.51683e-06	
7.40220e-06	
5.28724e-06	
3.17227e-06	
1.05748e-06	
2.00911e-05	
1.79762e-05	
1.58615e-05	
1.37466e-05	
1.16318e-05	
9.51684e-06	
7.40220e-06	
5.28724e-06	
3.17227e-06	
1.05748e-06	
2.00911e-05	
1.79762e-05	
1.58615e-05	
1.37466e-05	
1.16318e-05	
9.51684e-06	
7.40220e-06	
5.28724e-06	
3.17227e-06	
1.05748e-06	
2.00911e-05	
1.79762e-05	
1.58615e-05	
1.37466e-05	
1.16318e-05	
9.51684e-06	
7.40221e-06	
5.28724e-06	
3.17227e-06	
1.05748e-06	
2.00911e-05	
1.79762e-05	
1.58615e-05	
1.37466e-05	
1.16318e-05	
9.51685e-06	
7.40221e-06	
5.28724e-06	
3.17227e-06	
1.05748e-06	
2.00911e-05	
1.79763e-05	
1.58615e-05	
1.37466e-05	
1.16318e-05	
9.51685e-06	
7.40221e-06	
5.28724e-06	
3.17227e-06	
1.05748e-06	
2.00911e-05	
1.79763e-05	
1.58615e-05	
1.37466e-05	
1.16318e-05	
9.51685e-06	
7.40221e-06	
5.28725e-06	
3.17228e-06	
1.05749e-06	
2.00911e-05	
1.79763e-05	
1.58615e-05	
1.37466e-05	
1.16318e-05	
9.51685e-06	
7.40221e-06	
5.28725e-06	
3.17228e-06	
1.05749e-06	
2.00911e-05	
1.79763e-05	
1.58615e-05	
1.37466e-05	
1.16318e-05	
9.51685e-06	
7.40222e-06	
5.28725e-06	
3.17228e-06	
1.05749e-06	
2.00912e-05	
1.79763e-05	
1.58615e-05	
1.37466e-05	
1.16318e-05	
9.51686e-06	
7.40222e-06	
5.28725e-06	
3.17228e-06	
1.05749e-06	
2.00912e-05	
1.79763e-05	
1.58615e-05	
1.37466e-05	
1.16318e-05	
9.51686e-06	
7.40222e-06	
5.28725e-06	
3.17228e-06	
1.05749e-06	
2.00912e-05	
1.79763e-05	
1.58615e-05	
1.37466e-05	
1.16318e-05	
9.51686e-06	
7.40222e-06	
5.28725e-06	
3.17228e-06	
1.05749e-06	
2.00912e-05	
1.79763e-05	
1.58615e-05	
1.37466e-05	
1.16318e-05	
9.51686e-06	
7.40222e-06	
5.28725e-06	
3.17228e-06	
1.05749e-06	
2.00912e-05	
1.79763e-05	
1.58615e-05	
1.37466e-05	
1.16318e-05	
9.51686e-06	
7.40222e-06	
5.28725e-06	
3.17228e-06	
1.05749e-06	
2.00912e-05	
1.79763e-05	
1.58615e-05	
1.37466e-05	
1.16318e-05	
9.51686e-06	
7.40222e-06	
5.28725e-06	
3.17228e-06	
1.05749e-06	
2.00912e-05	
1.79763e-05	
1.58615e-05	
1.37466e-05	
1.16318e-05	
9.51687e-06	
7.40222e-06	
5.28725e-06	
3.17228e-06	
1.05749e-06	
2.00912e-05	
1.79763e-05	
1.58615e-05	
1.37466e-05	
1.16318e-05	
9.51687e-06	
7.40223e-06	
5.28725e-06	
3.17228e-06	
1.05749e-06	
2.00912e-05	
1.79763e-05	
1.58615e-05	
1.37466e-05	
1.16318e-05	
9.51687e-06	
7.40223e-06	
5.28725e-06	
3.17228e-06	
1.05749e-06	
2.00912e-05	
1.79763e-05	
1.58615e-05	
1.37466e-05	
1.16318e-05	
9.51687e-06	
7.40223e-06	
5.28726e-06	
3.17228e-06	
1.05749e-06	
2.00912e-05	
1.79763e-05	
1.58615e-05	
1.37466e-05	
1.16318e-05	
9.51687e-06	
7.40223e-06	
5.28726e-06	
3.17228e-06	
1.05749e-06	
2.00912e-05	
1.79763e-05	
1.58615e-05	
1.37466e-05	
1.16318e-05	
9.51687e-06	
7.40223e-06	
5.28726e-06	
3.17228e-06	
1.05749e-06	
2.00912e-05	
1.79763e-05	
1.58615e-05	
1.37466e-05	
1.16318e-05	
9.51687e-06	
7.40223e-06	
5.28726e-06	
3.17228e-06	
1.05749e-06	
2.00912e-05	
1.79763e-05	
1.58615e-05	
1.37466e-05	
1.16318e-05	
9.51687e-06	
7.40223e-06	
5.28726e-06	
3.17228e-06	
1.05749e-06	
2.00912e-05	
1.79763e-05	
1.58616e-05	
1.37466e-05	
1.16318e-05	
9.51687e-06	
7.40223e-06	
5.28726e-06	
3.17228e-06	
1.05749e-06	
2.00912e-05	
1.79763e-05	
1.58616e-05	
1.37466e-05	
1.16318e-05	
9.51687e-06	
7.40223e-06	
5.28726e-06	
3.17228e-06	
1.05749e-06	
2.00912e-05	
1.79763e-05	
1.58616e-05	
1.37466e-05	
1.16318e-05	
9.51687e-06	
7.40223e-06	
5.28726e-06	
3.17228e-06	
1.05749e-06	
2.00912e-05	
1.79763e-05	
1.58616e-05	
1.37466e-05	
1.16318e-05	
9.51687e-06	
7.40223e-06	
5.28726e-06	
3.17228e-06	
1.05749e-06	
2.00912e-05	
1.79763e-05	
1.58616e-05	
1.37466e-05	
1.16318e-05	
9.51687e-06	
7.40223e-06	
5.28726e-06	
3.17228e-06	
1.05749e-06	
2.00912e-05	
1.79763e-05	
1.58616e-05	
1.37466e-05	
1.16318e-05	
9.51687e-06	
7.40223e-06	
5.28726e-06	
3.17228e-06	
1.05749e-06	
2.00912e-05	
1.79763e-05	
1.58616e-05	
1.37466e-05	
1.16318e-05	
9.51687e-06	
7.40223e-06	
5.28726e-06	
3.17228e-06	
1.05749e-06	
2.00912e-05	
1.79763e-05	
1.58616e-05	
1.37466e-05	
1.16318e-05	
9.51687e-06	
7.40223e-06	
5.28726e-06	
3.17228e-06	
1.05749e-06	
2.00912e-05	
1.79763e-05	
1.58616e-05	
1.37466e-05	
1.16318e-05	
9.51688e-06	
7.40223e-06	
5.28726e-06	
3.17228e-06	
1.05749e-06	
2.00912e-05	
1.79763e-05	
1.58616e-05	
1.37466e-05	
1.16318e-05	
9.51688e-06	
7.40223e-06	
5.28726e-06	
3.17228e-06	
1.05749e-06	
2.00912e-05	
1.79763e-05	
1.58616e-05	
1.37466e-05	
1.16318e-05	
9.51688e-06	
7.40223e-06	
5.28726e-06	
3.17228e-06	
1.05749e-06	
3.52817e-09	
3.28079e-09	
2.98771e-09	
2.65993e-09	
2.30188e-09	
1.92065e-09	
1.51890e-09	
1.10274e-09	
6.65578e-10	
2.22742e-10	
2.62476e-09	
2.44299e-09	
2.22737e-09	
1.98319e-09	
1.71453e-09	
1.42777e-09	
1.12588e-09	
8.14189e-10	
4.90345e-10	
1.63857e-10	
2.21916e-09	
2.06739e-09	
1.88670e-09	
1.68061e-09	
1.45298e-09	
1.20949e-09	
9.53120e-10	
6.88679e-10	
4.14609e-10	
1.38517e-10	
1.93533e-09	
1.80465e-09	
1.64856e-09	
1.46942e-09	
1.27091e-09	
1.05813e-09	
8.33900e-10	
6.02545e-10	
3.62741e-10	
1.21185e-10	
1.72039e-09	
1.60546e-09	
1.46783e-09	
1.30911e-09	
1.13281e-09	
9.43518e-10	
7.43805e-10	
5.37587e-10	
3.23655e-10	
1.08130e-10	
1.54831e-09	
1.44575e-09	
1.32268e-09	
1.18029e-09	
1.02185e-09	
8.51476e-10	
6.71500e-10	
4.85495e-10	
2.92319e-10	
9.76670e-11	
1.40472e-09	
1.31227e-09	
1.20120e-09	
1.07239e-09	
9.28866e-10	
7.74347e-10	
6.10913e-10	
4.41850e-10	
2.66068e-10	
8.89022e-11	
1.28121e-09	
1.19733e-09	
1.09645e-09	
9.79262e-10	
8.48580e-10	
7.07722e-10	
5.58562e-10	
4.04130e-10	
2.43381e-10	
8.13272e-11	
1.17268e-09	
1.09621e-09	
1.00419e-09	
8.97190e-10	
7.77777e-10	
6.48935e-10	
5.12350e-10	
3.70821e-10	
2.23344e-10	
7.46370e-11	
1.07586e-09	
1.00592e-09	
9.21745e-10	
8.23801e-10	
7.14424e-10	
5.96302e-10	
4.70954e-10	
3.40969e-10	
2.05386e-10	
6.86401e-11	
9.88581e-10	
9.24489e-10	
8.47334e-10	
7.57522e-10	
6.57173e-10	
5.48709e-10	
4.33502e-10	
3.13949e-10	
1.89128e-10	
6.32106e-11	
9.09355e-10	
8.50531e-10	
7.79715e-10	
6.97261e-10	
6.05089e-10	
5.05384e-10	
3.99391e-10	
2.89327e-10	
1.74311e-10	
5.82619e-11	
8.37090e-10	
7.83045e-10	
7.17983e-10	
6.42219e-10	
5.57489e-10	
4.65768e-10	
3.68184e-10	
2.66790e-10	
1.60747e-10	
5.37311e-11	
7.70958e-10	
7.21267e-10	
6.61452e-10	
5.91791e-10	
5.13856e-10	
4.29433e-10	
3.39549e-10	
2.46101e-10	
1.48293e-10	
4.95709e-11	
7.10304e-10	
6.64591e-10	
6.09571e-10	
5.45492e-10	
4.73776e-10	
3.96041e-10	
3.13221e-10	
2.27071e-10	
1.36836e-10	
4.57433e-11	
6.54588e-10	
6.12518e-10	
5.61889e-10	
5.02924e-10	
4.36909e-10	
3.65312e-10	
2.88981e-10	
2.09543e-10	
1.26282e-10	
4.22172e-11	
