1.78200e-12
0.00000e+00	0.00000e+00	0.00000e+00	0.00000e+00	0.00000e+00	0.00000e+00	0.00000e+00	0.00000e+00	0.00000e+00	0.00000e+00	0.00000e+00	0.00000e+00	0.00000e+00	0.00000e+00	0.00000e+00	0.00000e+00	0.00000e+00	0.00000e+00	0.00000e+00	0.00000e+00	
1.67392e-12
4.27718e-03	4.12548e-03	3.97417e-03	3.82318e-03	3.67232e-03	3.52148e-03	3.37054e-03	3.21941e-03	3.06798e-03	2.91615e-03	2.76399e-03	2.61230e-03	2.46099e-03	2.30995e-03	2.15906e-03	2.00823e-03	1.85735e-03	1.70630e-03	1.55500e-03	1.40332e-03	
1.56675e-12
4.27727e-03	4.12558e-03	3.97426e-03	3.82327e-03	3.67241e-03	3.52156e-03	3.37063e-03	3.21950e-03	3.06806e-03	2.91622e-03	2.76406e-03	2.61237e-03	2.46106e-03	2.31001e-03	2.15912e-03	2.00829e-03	1.85740e-03	1.70635e-03	1.55504e-03	1.40336e-03	
1.45959e-12
4.27730e-03	4.12561e-03	3.97429e-03	3.82330e-03	3.67244e-03	3.52159e-03	3.37065e-03	3.21952e-03	3.06808e-03	2.91625e-03	2.76408e-03	2.61239e-03	2.46108e-03	2.31003e-03	2.15914e-03	2.00830e-03	1.85741e-03	1.70637e-03	1.55506e-03	1.40337e-03	
1.35242e-12
4.27732e-03	4.12563e-03	3.97431e-03	3.82332e-03	3.67245e-03	3.52161e-03	3.37067e-03	3.21953e-03	3.06810e-03	2.91626e-03	2.76409e-03	2.61241e-03	2.46109e-03	2.31004e-03	2.15915e-03	2.00831e-03	1.85742e-03	1.70638e-03	1.55506e-03	1.40338e-03	
1.24525e-12
4.27734e-03	4.12564e-03	3.97432e-03	3.82333e-03	3.67247e-03	3.52162e-03	3.37068e-03	3.21955e-03	3.06811e-03	2.91627e-03	2.76410e-03	2.61241e-03	2.46110e-03	2.31005e-03	2.15916e-03	2.00832e-03	1.85743e-03	1.70638e-03	1.55507e-03	1.40339e-03	
1.13808e-12
4.27735e-03	4.12565e-03	3.97433e-03	3.82334e-03	3.67247e-03	3.52163e-03	3.37069e-03	3.21955e-03	3.06812e-03	2.91628e-03	2.76411e-03	2.61242e-03	2.46111e-03	2.31006e-03	2.15916e-03	2.00833e-03	1.85744e-03	1.70639e-03	1.55507e-03	1.40339e-03	
1.03091e-12
4.27735e-03	4.12566e-03	3.97434e-03	3.82335e-03	3.67248e-03	3.52163e-03	3.37069e-03	3.21956e-03	3.06812e-03	2.91628e-03	2.76412e-03	2.61243e-03	2.46111e-03	2.31006e-03	2.15917e-03	2.00833e-03	1.85744e-03	1.70639e-03	1.55508e-03	1.40339e-03	
9.23747e-13
4.27736e-03	4.12567e-03	3.97434e-03	3.82336e-03	3.67249e-03	3.52164e-03	3.37070e-03	3.21957e-03	3.06813e-03	2.91629e-03	2.76412e-03	2.61243e-03	2.46112e-03	2.31007e-03	2.15917e-03	2.00834e-03	1.85745e-03	1.70640e-03	1.55508e-03	1.40340e-03	
8.16579e-13
4.27737e-03	4.12567e-03	3.97435e-03	3.82336e-03	3.67250e-03	3.52165e-03	3.37071e-03	3.21957e-03	3.06814e-03	2.91630e-03	2.76413e-03	2.61244e-03	2.46112e-03	2.31007e-03	2.15918e-03	2.00834e-03	1.85745e-03	1.70640e-03	1.55509e-03	1.40340e-03	
7.09411e-13
4.27738e-03	4.12568e-03	3.97436e-03	3.82337e-03	3.67250e-03	3.52165e-03	3.37071e-03	3.21958e-03	3.06814e-03	2.91630e-03	2.76413e-03	2.61244e-03	2.46113e-03	2.31007e-03	2.15918e-03	2.00834e-03	1.85745e-03	1.70640e-03	1.55509e-03	1.40340e-03	
6.02243e-13
4.27738e-03	4.12568e-03	3.97436e-03	3.82337e-03	3.67251e-03	3.52166e-03	3.37072e-03	3.21958e-03	3.06815e-03	2.91630e-03	2.76414e-03	2.61245e-03	2.46113e-03	2.31008e-03	2.15919e-03	2.00835e-03	1.85746e-03	1.70641e-03	1.55509e-03	1.40341e-03	
4.95075e-13
4.27739e-03	4.12569e-03	3.97437e-03	3.82338e-03	3.67251e-03	3.52166e-03	3.37072e-03	3.21959e-03	3.06815e-03	2.91631e-03	2.76414e-03	2.61245e-03	2.46113e-03	2.31008e-03	2.15919e-03	2.00835e-03	1.85746e-03	1.70641e-03	1.55509e-03	1.40341e-03	
3.87908e-13
4.27739e-03	4.12569e-03	3.97437e-03	3.82338e-03	3.67252e-03	3.52167e-03	3.37073e-03	3.21959e-03	3.06815e-03	2.91631e-03	2.76415e-03	2.61245e-03	2.46114e-03	2.31009e-03	2.15919e-03	2.00835e-03	1.85746e-03	1.70641e-03	1.55510e-03	1.40341e-03	
2.80740e-13
4.27740e-03	4.12570e-03	3.97438e-03	3.82339e-03	3.67252e-03	3.52167e-03	3.37073e-03	3.21960e-03	3.06816e-03	2.91632e-03	2.76415e-03	2.61246e-03	2.46114e-03	2.31009e-03	2.15920e-03	2.00836e-03	1.85746e-03	1.70641e-03	1.55510e-03	1.40341e-03	
1.73572e-13
4.27740e-03	4.12570e-03	3.97438e-03	3.82339e-03	3.67253e-03	3.52168e-03	3.37074e-03	3.21960e-03	3.06816e-03	2.91632e-03	2.76415e-03	2.61246e-03	2.46114e-03	2.31009e-03	2.15920e-03	2.00836e-03	1.85747e-03	1.70642e-03	1.55510e-03	1.40341e-03	
6.64041e-14
4.27741e-03	4.12571e-03	3.97439e-03	3.82340e-03	3.67253e-03	3.52168e-03	3.37074e-03	3.21960e-03	3.06817e-03	2.91632e-03	2.76416e-03	2.61246e-03	2.46115e-03	2.31009e-03	2.15920e-03	2.00836e-03	1.85747e-03	1.70642e-03	1.55510e-03	1.40342e-03	
-3.66553e-20
6.36158e-05	6.34137e-05	6.30220e-05	6.24428e-05	6.16776e-05	6.07281e-05	5.95967e-05	5.82853e-05	5.67965e-05	5.51330e-05	5.32997e-05	5.13119e-05	4.91753e-05	4.68953e-05	4.44775e-05	4.19276e-05	3.92516e-05	3.64552e-05	3.35447e-05	3.05262e-05	
-3.66553e-20
1.97350e-07	1.92510e-07	1.87455e-07	1.82236e-07	1.76854e-07	1.71311e-07	1.65608e-07	1.59749e-07	1.53734e-07	1.47566e-07	1.41254e-07	1.34838e-07	1.28322e-07	1.21708e-07	1.14997e-07	1.08193e-07	1.01297e-07	9.43091e-08	8.72322e-08	8.00673e-08	
-3.66553e-20
1.48168e-07	1.44756e-07	1.41164e-07	1.37427e-07	1.33546e-07	1.29525e-07	1.25366e-07	1.21072e-07	1.16645e-07	1.12087e-07	1.07406e-07	1.02633e-07	9.77711e-08	9.28233e-08	8.77919e-08	8.26791e-08	7.74870e-08	7.22174e-08	6.68723e-08	6.14532e-08	
-3.66553e-20
1.25120e-07	1.22373e-07	1.19460e-07	1.16409e-07	1.13224e-07	1.09906e-07	1.06460e-07	1.02887e-07	9.91895e-08	9.53705e-08	9.14368e-08	8.74155e-08	8.33098e-08	7.91225e-08	7.48562e-08	7.05133e-08	6.60962e-08	6.16069e-08	5.70474e-08	5.24196e-08	
-3.66553e-20
1.11276e-07	1.08907e-07	1.06381e-07	1.03725e-07	1.00940e-07	9.80291e-08	9.49956e-08	9.18422e-08	8.85712e-08	8.51851e-08	8.16904e-08	7.81116e-08	7.44519e-08	7.07143e-08	6.69013e-08	6.30155e-08	5.90591e-08	5.50344e-08	5.09434e-08	4.67882e-08	
-3.66553e-20
1.01944e-07	9.98166e-08	9.75399e-08	9.51380e-08	9.26129e-08	8.99676e-08	8.72051e-08	8.43281e-08	8.13389e-08	7.82401e-08	7.50377e-08	7.17546e-08	6.83938e-08	6.49583e-08	6.14506e-08	5.78732e-08	5.42285e-08	5.05186e-08	4.67457e-08	4.29117e-08	
-3.66553e-20
9.50951e-08	9.31359e-08	9.10341e-08	8.88120e-08	8.64717e-08	8.40163e-08	8.14484e-08	7.87709e-08	7.59861e-08	7.30963e-08	7.01075e-08	6.70410e-08	6.38998e-08	6.06869e-08	5.74047e-08	5.40558e-08	5.06423e-08	4.71664e-08	4.36303e-08	4.00358e-08	
-3.66553e-20
8.97107e-08	8.78777e-08	8.59080e-08	8.38228e-08	8.16240e-08	7.93146e-08	7.68973e-08	7.43747e-08	7.17492e-08	6.90231e-08	6.62019e-08	6.33060e-08	6.03384e-08	5.73018e-08	5.41986e-08	5.10313e-08	4.78020e-08	4.45130e-08	4.11661e-08	3.77634e-08	
-3.66553e-20
8.52402e-08	8.35079e-08	8.16443e-08	7.96697e-08	7.75859e-08	7.53957e-08	7.31018e-08	7.07068e-08	6.82129e-08	6.56223e-08	6.29405e-08	6.01868e-08	5.73640e-08	5.44749e-08	5.15217e-08	4.85070e-08	4.54327e-08	4.23010e-08	3.91138e-08	3.58730e-08	
-3.66553e-20
8.13714e-08	7.97236e-08	7.79496e-08	7.60687e-08	7.40827e-08	7.19943e-08	6.98063e-08	6.75210e-08	6.51406e-08	6.26673e-08	6.01063e-08	5.74760e-08	5.47793e-08	5.20187e-08	4.91965e-08	4.63151e-08	4.33765e-08	4.03826e-08	3.73354e-08	3.42366e-08	
-3.66553e-20
7.79226e-08	7.63482e-08	7.46525e-08	7.28538e-08	7.09540e-08	6.89556e-08	6.68614e-08	6.46735e-08	6.23941e-08	6.00253e-08	5.75721e-08	5.50523e-08	5.24685e-08	4.98231e-08	4.71186e-08	4.43570e-08	4.15403e-08	3.86705e-08	3.57494e-08	3.27787e-08	
-3.66553e-20
7.47845e-08	7.32757e-08	7.16502e-08	6.99255e-08	6.81033e-08	6.61864e-08	6.41770e-08	6.20775e-08	5.98900e-08	5.76163e-08	5.52615e-08	5.28424e-08	5.03617e-08	4.78218e-08	4.52248e-08	4.25729e-08	3.98681e-08	3.71120e-08	3.43066e-08	3.14535e-08	
-3.66553e-20
7.18895e-08	7.04405e-08	6.88790e-08	6.72220e-08	6.54711e-08	6.36288e-08	6.16975e-08	5.96794e-08	5.75765e-08	5.53907e-08	5.31267e-08	5.08008e-08	4.84155e-08	4.59732e-08	4.34760e-08	4.09259e-08	3.83247e-08	3.56742e-08	3.29762e-08	3.02323e-08	
-3.66553e-20
6.91945e-08	6.78006e-08	6.62982e-08	6.47037e-08	6.30188e-08	6.12458e-08	5.93870e-08	5.74446e-08	5.54205e-08	5.33165e-08	5.11372e-08	4.88982e-08	4.66020e-08	4.42509e-08	4.18468e-08	3.93918e-08	3.68875e-08	3.43359e-08	3.17384e-08	2.90966e-08	
-3.66553e-20
6.66705e-08	6.53276e-08	6.38802e-08	6.23440e-08	6.07206e-08	5.90123e-08	5.72214e-08	5.53498e-08	5.33995e-08	5.13722e-08	4.92722e-08	4.71147e-08	4.49022e-08	4.26367e-08	4.03201e-08	3.79544e-08	3.55414e-08	3.30826e-08	3.05796e-08	2.80340e-08	
-3.66553e-20
6.42969e-08	6.30017e-08	6.16057e-08	6.01241e-08	5.85584e-08	5.69108e-08	5.51836e-08	5.33785e-08	5.14976e-08	4.95424e-08	4.75171e-08	4.54365e-08	4.33027e-08	4.11178e-08	3.88838e-08	3.66024e-08	3.42753e-08	3.19041e-08	2.94903e-08	2.70355e-08	
-3.66553e-20
6.20586e-08	6.08081e-08	5.94604e-08	5.80300e-08	5.65185e-08	5.49281e-08	5.32608e-08	5.15185e-08	4.97029e-08	4.78158e-08	4.58610e-08	4.38529e-08	4.17935e-08	3.96849e-08	3.75288e-08	3.53271e-08	3.30812e-08	3.07929e-08	2.84635e-08	2.60945e-08	
-3.66553e-20
5.99437e-08	5.87352e-08	5.74329e-08	5.60508e-08	5.45904e-08	5.30539e-08	5.14431e-08	4.97600e-08	4.80062e-08	4.61834e-08	4.42953e-08	4.23557e-08	4.03668e-08	3.83302e-08	3.62480e-08	3.41217e-08	3.19528e-08	2.97430e-08	2.74935e-08	2.52058e-08	
-3.66553e-20
5.79424e-08	5.67735e-08	5.55139e-08	5.41774e-08	5.27652e-08	5.12796e-08	4.97223e-08	4.80952e-08	4.63998e-08	4.46378e-08	4.28129e-08	4.09383e-08	3.90160e-08	3.70478e-08	3.50355e-08	3.29807e-08	3.08848e-08	2.87494e-08	2.65757e-08	2.43652e-08	
-3.66553e-20
5.60465e-08	5.49149e-08	5.36956e-08	5.24021e-08	5.10355e-08	4.95980e-08	4.80913e-08	4.65172e-08	4.48772e-08	4.31729e-08	4.14078e-08	3.95947e-08	3.77357e-08	3.58323e-08	3.38864e-08	3.18994e-08	2.98728e-08	2.78080e-08	2.57063e-08	2.35690e-08	
-3.66553e-20
5.42487e-08	5.31523e-08	5.19711e-08	5.07182e-08	4.93948e-08	4.80029e-08	4.65441e-08	4.50202e-08	4.34327e-08	4.17831e-08	4.00747e-08	3.83201e-08	3.65210e-08	3.46792e-08	3.27963e-08	3.08737e-08	2.89129e-08	2.69152e-08	2.48819e-08	2.28142e-08	
-3.66553e-20
5.25426e-08	5.14794e-08	5.03343e-08	4.91198e-08	4.78373e-08	4.64885e-08	4.50752e-08	4.35989e-08	4.20612e-08	4.04634e-08	3.88090e-08	3.71098e-08	3.53677e-08	3.35843e-08	3.17613e-08	2.98999e-08	2.80017e-08	2.60678e-08	2.40994e-08	2.20978e-08	
-3.66553e-20
5.09223e-08	4.98905e-08	4.87795e-08	4.76015e-08	4.63576e-08	4.50498e-08	4.36795e-08	4.22485e-08	4.07580e-08	3.92095e-08	3.76062e-08	3.59597e-08	3.42718e-08	3.25440e-08	3.07779e-08	2.89748e-08	2.71360e-08	2.52627e-08	2.33562e-08	2.14176e-08	
-3.66553e-20
4.93824e-08	4.83803e-08	4.73017e-08	4.61582e-08	4.49510e-08	4.36820e-08	4.23527e-08	4.09645e-08	3.95190e-08	3.80173e-08	3.64626e-08	3.48663e-08	3.32298e-08	3.15549e-08	2.98429e-08	2.80952e-08	2.63130e-08	2.44974e-08	2.26498e-08	2.07710e-08	
-3.66553e-20
4.79180e-08	4.69442e-08	4.58961e-08	4.47854e-08	4.36131e-08	4.23809e-08	4.10904e-08	3.97431e-08	3.83402e-08	3.68830e-08	3.53746e-08	3.38259e-08	3.22385e-08	3.06139e-08	2.89534e-08	2.72584e-08	2.55300e-08	2.37695e-08	2.19778e-08	2.01561e-08	
-3.66553e-20
4.65247e-08	4.55775e-08	4.45585e-08	4.34788e-08	4.23396e-08	4.11425e-08	3.98890e-08	3.85804e-08	3.72181e-08	3.58033e-08	3.43389e-08	3.28355e-08	3.12948e-08	2.97180e-08	2.81066e-08	2.64618e-08	2.47848e-08	2.30766e-08	2.13383e-08	1.95709e-08	
-3.66553e-20
4.51981e-08	4.42762e-08	4.32848e-08	4.22347e-08	4.11269e-08	3.99631e-08	3.87447e-08	3.74730e-08	3.61493e-08	3.47748e-08	3.33523e-08	3.18922e-08	3.03958e-08	2.88647e-08	2.73001e-08	2.57031e-08	2.40749e-08	2.24167e-08	2.07292e-08	1.90137e-08	
-3.66553e-20
4.39343e-08	4.30365e-08	4.20713e-08	4.10492e-08	3.99714e-08	3.88392e-08	3.76542e-08	3.64177e-08	3.51308e-08	3.37947e-08	3.24121e-08	3.09931e-08	2.95391e-08	2.80515e-08	2.65314e-08	2.49800e-08	2.33985e-08	2.17878e-08	2.01489e-08	1.84828e-08	
-3.66553e-20
4.27297e-08	4.18548e-08	4.09145e-08	3.99191e-08	3.88697e-08	3.77677e-08	3.66145e-08	3.54114e-08	3.41596e-08	3.28600e-08	3.15156e-08	3.01358e-08	2.87222e-08	2.72760e-08	2.57984e-08	2.42905e-08	2.27535e-08	2.11882e-08	1.95956e-08	1.79766e-08	
-3.66553e-20
4.15810e-08	4.07277e-08	3.98111e-08	3.88411e-08	3.78188e-08	3.67455e-08	3.56227e-08	3.44515e-08	3.32330e-08	3.19684e-08	3.06602e-08	2.93178e-08	2.79427e-08	2.65361e-08	2.50990e-08	2.36327e-08	2.21381e-08	2.06161e-08	1.90677e-08	1.74937e-08	
-3.66553e-20
4.04848e-08	3.96522e-08	3.87581e-08	3.78124e-08	3.68158e-08	3.57700e-08	3.46760e-08	3.35352e-08	3.23486e-08	3.11172e-08	2.98437e-08	2.85370e-08	2.71987e-08	2.58298e-08	2.44315e-08	2.30048e-08	2.15507e-08	2.00701e-08	1.85638e-08	1.70328e-08	
-3.66553e-20
3.94382e-08	3.86254e-08	3.77528e-08	3.68300e-08	3.58581e-08	3.48383e-08	3.37720e-08	3.26602e-08	3.15039e-08	3.03044e-08	2.90638e-08	2.77913e-08	2.64880e-08	2.51552e-08	2.37939e-08	2.24050e-08	2.09896e-08	1.95486e-08	1.80826e-08	1.65927e-08	
-3.66553e-20
3.84385e-08	3.76444e-08	3.67923e-08	3.58915e-08	3.49431e-08	3.39482e-08	3.29082e-08	3.18240e-08	3.06969e-08	2.95276e-08	2.83187e-08	2.70787e-08	2.58090e-08	2.45106e-08	2.31846e-08	2.18319e-08	2.04535e-08	1.90502e-08	1.76229e-08	1.61722e-08	
-3.66553e-20
3.74830e-08	3.67068e-08	3.58742e-08	3.49944e-08	3.40684e-08	3.30973e-08	3.20824e-08	3.10247e-08	2.99253e-08	2.87850e-08	2.76063e-08	2.63974e-08	2.51597e-08	2.38943e-08	2.26021e-08	2.12840e-08	1.99410e-08	1.85738e-08	1.71833e-08	1.57701e-08	
-3.66553e-20
3.65693e-08	3.58102e-08	3.49962e-08	3.41365e-08	3.32318e-08	3.22835e-08	3.12926e-08	3.02602e-08	2.91873e-08	2.80747e-08	2.69248e-08	2.57457e-08	2.45387e-08	2.33048e-08	2.20448e-08	2.07599e-08	1.94507e-08	1.81181e-08	1.67628e-08	1.53856e-08	
-3.66553e-20
3.56951e-08	3.49523e-08	3.41561e-08	3.33155e-08	3.24313e-08	3.15047e-08	3.05368e-08	2.95286e-08	2.84810e-08	2.73950e-08	2.62726e-08	2.51221e-08	2.39444e-08	2.27405e-08	2.15115e-08	2.02582e-08	1.89814e-08	1.76819e-08	1.63604e-08	1.50176e-08	
-3.66553e-20
3.48583e-08	3.41310e-08	3.33519e-08	3.25296e-08	3.16649e-08	3.07591e-08	2.98132e-08	2.88281e-08	2.78048e-08	2.67441e-08	2.56482e-08	2.45249e-08	2.33753e-08	2.22003e-08	2.10009e-08	1.97779e-08	1.85321e-08	1.72643e-08	1.59751e-08	1.46652e-08	
-3.66553e-20
3.40568e-08	3.33444e-08	3.25815e-08	3.17768e-08	3.09308e-08	3.00449e-08	2.91200e-08	2.81570e-08	2.71570e-08	2.61206e-08	2.50500e-08	2.39528e-08	2.28300e-08	2.16827e-08	2.05117e-08	1.93177e-08	1.81017e-08	1.68642e-08	1.56059e-08	1.43276e-08	
-3.66553e-20
3.32887e-08	3.25905e-08	3.18433e-08	3.10553e-08	3.02273e-08	2.93604e-08	2.84556e-08	2.75139e-08	2.65361e-08	2.55230e-08	2.44766e-08	2.34044e-08	2.23075e-08	2.11866e-08	2.00428e-08	1.88767e-08	1.76891e-08	1.64807e-08	1.52521e-08	1.40040e-08	
-3.66553e-20
3.25523e-08	3.18677e-08	3.11354e-08	3.03635e-08	2.95527e-08	2.87040e-08	2.78186e-08	2.68972e-08	2.59407e-08	2.49499e-08	2.39268e-08	2.28786e-08	2.18063e-08	2.07109e-08	1.95931e-08	1.84537e-08	1.72934e-08	1.61129e-08	1.49127e-08	1.36936e-08	
-3.66553e-20
3.18458e-08	3.11744e-08	3.04564e-08	2.96998e-08	2.89055e-08	2.80744e-08	2.72074e-08	2.63055e-08	2.53695e-08	2.44001e-08	2.33992e-08	2.23741e-08	2.13255e-08	2.02544e-08	1.91616e-08	1.80478e-08	1.69137e-08	1.57600e-08	1.45872e-08	1.33959e-08	
-3.66553e-20
3.11678e-08	3.05089e-08	2.98046e-08	2.90628e-08	2.82843e-08	2.74699e-08	2.66208e-08	2.57376e-08	2.48212e-08	2.38723e-08	2.28929e-08	2.18898e-08	2.08640e-08	1.98163e-08	1.87474e-08	1.76582e-08	1.65493e-08	1.54212e-08	1.42746e-08	1.31100e-08	
-3.66553e-20
3.05166e-08	2.98698e-08	2.91787e-08	2.84511e-08	2.76877e-08	2.68895e-08	2.60574e-08	2.51922e-08	2.42946e-08	2.33655e-08	2.24066e-08	2.14247e-08	2.04207e-08	1.93954e-08	1.83497e-08	1.72840e-08	1.61992e-08	1.50958e-08	1.39744e-08	1.28354e-08	
-3.66553e-20
2.98910e-08	2.92557e-08	2.85773e-08	2.78634e-08	2.71145e-08	2.63318e-08	2.55161e-08	2.46681e-08	2.37887e-08	2.28785e-08	2.19393e-08	2.09777e-08	1.99947e-08	1.89911e-08	1.79674e-08	1.69245e-08	1.58629e-08	1.47832e-08	1.36859e-08	1.25716e-08	
