0.00000e+00	
0.00000e+00	
0.00000e+00	
0.00000e+00	
0.00000e+00	
0.00000e+00	
0.00000e+00	
0.00000e+00	
0.00000e+00	
0.00000e+00	
3.60912e-04	
3.22918e-04	
2.84928e-04	
2.46935e-04	
2.08945e-04	
1.70953e-04	
1.32967e-04	
9.49750e-05	
5.69836e-05	
1.89956e-05	
3.60926e-04	
3.22931e-04	
2.84939e-04	
2.46945e-04	
2.08954e-04	
1.70960e-04	
1.32972e-04	
9.49789e-05	
5.69860e-05	
1.89964e-05	
3.60930e-04	
3.22935e-04	
2.84943e-04	
2.46948e-04	
2.08957e-04	
1.70962e-04	
1.32974e-04	
9.49804e-05	
5.69869e-05	
1.89967e-05	
3.60933e-04	
3.22938e-04	
2.84946e-04	
2.46950e-04	
2.08959e-04	
1.70964e-04	
1.32976e-04	
9.49814e-05	
5.69875e-05	
1.89969e-05	
3.60936e-04	
3.22940e-04	
2.84948e-04	
2.46952e-04	
2.08960e-04	
1.70965e-04	
1.32977e-04	
9.49822e-05	
5.69880e-05	
1.89971e-05	
3.60938e-04	
3.22942e-04	
2.84949e-04	
2.46954e-04	
2.08962e-04	
1.70966e-04	
1.32978e-04	
9.49828e-05	
5.69883e-05	
1.89972e-05	
3.60939e-04	
3.22943e-04	
2.84951e-04	
2.46955e-04	
2.08963e-04	
1.70967e-04	
1.32978e-04	
9.49833e-05	
5.69886e-05	
1.89973e-05	
3.60940e-04	
3.22944e-04	
2.84952e-04	
2.46956e-04	
2.08963e-04	
1.70968e-04	
1.32979e-04	
9.49837e-05	
5.69889e-05	
1.89974e-05	
3.60942e-04	
3.22946e-04	
2.84953e-04	
2.46957e-04	
2.08964e-04	
1.70969e-04	
1.32979e-04	
9.49841e-05	
5.69891e-05	
1.89974e-05	
3.60943e-04	
3.22947e-04	
2.84954e-04	
2.46958e-04	
2.08965e-04	
1.70969e-04	
1.32980e-04	
9.49844e-05	
5.69893e-05	
1.89975e-05	
3.60944e-04	
3.22947e-04	
2.84954e-04	
2.46958e-04	
2.08966e-04	
1.70970e-04	
1.32980e-04	
9.49848e-05	
5.69895e-05	
1.89976e-05	
3.60945e-04	
3.22948e-04	
2.84955e-04	
2.46959e-04	
2.08966e-04	
1.70970e-04	
1.32981e-04	
9.49851e-05	
5.69897e-05	
1.89976e-05	
3.60946e-04	
3.22949e-04	
2.84956e-04	
2.46960e-04	
2.08967e-04	
1.70971e-04	
1.32981e-04	
9.49853e-05	
5.69899e-05	
1.89977e-05	
3.60946e-04	
3.22950e-04	
2.84957e-04	
2.46960e-04	
2.08967e-04	
1.70971e-04	
1.32981e-04	
9.49856e-05	
5.69900e-05	
1.89978e-05	
3.60947e-04	
3.22951e-04	
2.84957e-04	
2.46961e-04	
2.08968e-04	
1.70972e-04	
1.32982e-04	
9.49859e-05	
5.69902e-05	
1.89978e-05	
3.60948e-04	
3.22951e-04	
2.84958e-04	
2.46961e-04	
2.08968e-04	
1.70972e-04	
1.32982e-04	
9.49861e-05	
5.69903e-05	
1.89978e-05	
8.60155e-06	
7.71508e-06	
6.82229e-06	
5.92391e-06	
5.02083e-06	
4.11362e-06	
3.20322e-06	
2.29007e-06	
1.37479e-06	
4.58427e-07	
3.03270e-08	
2.80487e-08	
2.53994e-08	
2.25579e-08	
1.95414e-08	
1.63708e-08	
1.30340e-08	
9.55321e-09	
5.79772e-09	
1.94758e-09	
2.38146e-08	
2.20692e-08	
2.00154e-08	
1.78001e-08	
1.54342e-08	
1.29380e-08	
1.03031e-08	
7.55073e-09	
4.58085e-09	
1.53841e-09	
2.02515e-08	
1.87794e-08	
1.70473e-08	
1.51702e-08	
1.31565e-08	
1.10280e-08	
8.77909e-09	
6.42999e-09	
3.89855e-09	
1.30857e-09	
1.78898e-08	
1.65913e-08	
1.50680e-08	
1.34120e-08	
1.16306e-08	
9.74599e-09	
7.75446e-09	
5.67481e-09	
3.43821e-09	
1.15340e-09	
1.62386e-08	
1.50582e-08	
1.36773e-08	
1.21733e-08	
1.05529e-08	
8.83849e-09	
7.02742e-09	
5.13737e-09	
3.11025e-09	
1.04280e-09	
1.50241e-08	
1.39291e-08	
1.26505e-08	
1.12563e-08	
9.75332e-09	
8.16377e-09	
6.48559e-09	
4.73572e-09	
2.86498e-09	
9.60097e-10	
1.40829e-08	
1.30533e-08	
1.18524e-08	
1.05423e-08	
9.12972e-09	
7.63665e-09	
6.06151e-09	
4.42075e-09	
2.67264e-09	
8.95253e-10	
1.33172e-08	
1.23405e-08	
1.12021e-08	
9.95993e-09	
8.62066e-09	
7.20593e-09	
5.71464e-09	
4.16291e-09	
2.51526e-09	
8.42222e-10	
1.26684e-08	
1.17366e-08	
1.06509e-08	
9.46618e-09	
8.18902e-09	
6.84062e-09	
5.42038e-09	
3.94424e-09	
2.38188e-09	
7.97309e-10	
1.21012e-08	
1.12089e-08	
1.01693e-08	
9.03489e-09	
7.81213e-09	
6.52173e-09	
5.16362e-09	
3.75362e-09	
2.26575e-09	
7.58225e-10	
1.15938e-08	
1.07370e-08	
9.73900e-09	
8.64977e-09	
7.47582e-09	
6.23736e-09	
4.93486e-09	
3.58404e-09	
2.16254e-09	
7.23516e-10	
1.11324e-08	
1.03083e-08	
9.34828e-09	
8.30040e-09	
7.17102e-09	
5.97985e-09	
4.72794e-09	
3.43092e-09	
2.06944e-09	
6.92228e-10	
1.07081e-08	
9.91425e-09	
8.98952e-09	
7.97993e-09	
6.89168e-09	
5.74408e-09	
4.53873e-09	
3.29117e-09	
1.98456e-09	
6.63715e-10	
1.03147e-08	
9.54922e-09	
8.65749e-09	
7.68361e-09	
6.63365e-09	
5.52652e-09	
4.36436e-09	
3.16261e-09	
1.90654e-09	
6.37523e-10	
9.94786e-09	
9.20916e-09	
8.34844e-09	
7.40806e-09	
6.39393e-09	
5.32459e-09	
4.20273e-09	
3.04365e-09	
1.83441e-09	
6.13318e-10	
9.60451e-09	
8.89106e-09	
8.05960e-09	
7.15074e-09	
6.17027e-09	
5.13637e-09	
4.05227e-09	
2.93309e-09	
1.76742e-09	
5.90847e-10	
9.28213e-09	
8.59258e-09	
7.78880e-09	
6.90968e-09	
5.96090e-09	
4.96034e-09	
3.91172e-09	
2.82998e-09	
1.70498e-09	
5.69910e-10	
8.97874e-09	
8.31185e-09	
7.53428e-09	
6.68328e-09	
5.76442e-09	
4.79529e-09	
3.78008e-09	
2.73355e-09	
1.64662e-09	
5.50346e-10	
8.69269e-09	
8.04731e-09	
7.29461e-09	
6.47022e-09	
5.57963e-09	
4.64020e-09	
3.65652e-09	
2.64314e-09	
1.59194e-09	
5.32020e-10	
8.42256e-09	
7.79762e-09	
7.06852e-09	
6.26936e-09	
5.40554e-09	
4.49420e-09	
3.54032e-09	
2.55823e-09	
1.54059e-09	
5.14819e-10	
8.16714e-09	
7.56163e-09	
6.85496e-09	
6.07972e-09	
5.24128e-09	
4.35654e-09	
3.43085e-09	
2.47832e-09	
1.49230e-09	
4.98644e-10	
7.92533e-09	
7.33832e-09	
6.65297e-09	
5.90043e-09	
5.08607e-09	
4.22656e-09	
3.32759e-09	
2.40302e-09	
1.44681e-09	
4.83408e-10	
7.69617e-09	
7.12676e-09	
6.46169e-09	
5.73074e-09	
4.93923e-09	
4.10367e-09	
3.23004e-09	
2.33196e-09	
1.40388e-09	
4.69038e-10	
7.47878e-09	
6.92614e-09	
6.28038e-09	
5.56994e-09	
4.80016e-09	
3.98736e-09	
3.13778e-09	
2.26481e-09	
1.36334e-09	
4.55465e-10	
7.27237e-09	
6.73571e-09	
6.10834e-09	
5.41742e-09	
4.66831e-09	
3.87715e-09	
3.05043e-09	
2.20127e-09	
1.32499e-09	
4.42629e-10	
7.07621e-09	
6.55479e-09	
5.94494e-09	
5.27261e-09	
4.54317e-09	
3.77262e-09	
2.96763e-09	
2.14110e-09	
1.28867e-09	
4.30476e-10	
6.88965e-09	
6.38276e-09	
5.78961e-09	
5.13499e-09	
4.42430e-09	
3.67337e-09	
2.88907e-09	
2.08404e-09	
1.25425e-09	
4.18958e-10	
6.71206e-09	
6.21904e-09	
5.64183e-09	
5.00409e-09	
4.31127e-09	
3.57905e-09	
2.81445e-09	
2.02989e-09	
1.22158e-09	
4.08029e-10	
6.54290e-09	
6.06312e-09	
5.50112e-09	
4.87948e-09	
4.20371e-09	
3.48934e-09	
2.74352e-09	
1.97844e-09	
1.19055e-09	
3.97650e-10	
6.38164e-09	
5.91451e-09	
5.36703e-09	
4.76075e-09	
4.10127e-09	
3.40394e-09	
2.67604e-09	
1.92952e-09	
1.16105e-09	
3.87783e-10	
6.22780e-09	
5.77276e-09	
5.23915e-09	
4.64755e-09	
4.00362e-09	
3.32258e-09	
2.61178e-09	
1.88296e-09	
1.13298e-09	
3.78395e-10	
6.08094e-09	
5.63745e-09	
5.11710e-09	
4.53954e-09	
3.91047e-09	
3.24500e-09	
2.55053e-09	
1.83860e-09	
1.10625e-09	
3.69454e-10	
5.94064e-09	
5.50820e-09	
5.00054e-09	
4.43639e-09	
3.82155e-09	
3.17096e-09	
2.49212e-09	
1.79632e-09	
1.08076e-09	
3.60933e-10	
5.80652e-09	
5.38466e-09	
4.88913e-09	
4.33781e-09	
3.73659e-09	
3.10026e-09	
2.43635e-09	
1.75597e-09	
1.05645e-09	
3.52804e-10	
5.67823e-09	
5.26649e-09	
4.78258e-09	
4.24355e-09	
3.65537e-09	
3.03270e-09	
2.38309e-09	
1.71745e-09	
1.03324e-09	
3.45044e-10	
5.55542e-09	
5.15339e-09	
4.68059e-09	
4.15334e-09	
3.57766e-09	
2.96808e-09	
2.33216e-09	
1.68063e-09	
1.01106e-09	
3.37630e-10	
5.43780e-09	
5.04505e-09	
4.58292e-09	
4.06695e-09	
3.50326e-09	
2.90623e-09	
2.28344e-09	
1.64542e-09	
9.89846e-10	
3.30541e-10	
5.32506e-09	
4.94123e-09	
4.48931e-09	
3.98416e-09	
3.43197e-09	
2.84700e-09	
2.23680e-09	
1.61172e-09	
9.69550e-10	
3.23757e-10	
5.21694e-09	
4.84165e-09	
4.39953e-09	
3.90477e-09	
3.36363e-09	
2.79023e-09	
2.19211e-09	
1.57945e-09	
9.50114e-10	
3.17262e-10	
5.11318e-09	
4.74609e-09	
4.31338e-09	
3.82859e-09	
3.29807e-09	
2.73578e-09	
2.14926e-09	
1.54851e-09	
9.31487e-10	
3.11037e-10	
5.01355e-09	
4.65433e-09	
4.23065e-09	
3.75544e-09	
3.23513e-09	
2.68353e-09	
2.10815e-09	
1.51885e-09	
9.13624e-10	
3.05068e-10	
4.91782e-09	
4.56617e-09	
4.15116e-09	
3.68516e-09	
3.17466e-09	
2.63335e-09	
2.06869e-09	
1.49037e-09	
8.96481e-10	
2.99340e-10	
4.82578e-09	
4.48140e-09	
4.07473e-09	
3.61759e-09	
3.11654e-09	
2.58512e-09	
2.03077e-09	
1.46302e-09	
8.80017e-10	
2.93840e-10	
