0.00000e+00	
5.69364e-04	
5.69384e-04	
5.69390e-04	
5.69394e-04	
5.69397e-04	
5.69399e-04	
5.69401e-04	
5.69403e-04	
5.69404e-04	
5.69406e-04	
5.69407e-04	
5.69408e-04	
5.69409e-04	
5.69411e-04	
5.69412e-04	
5.69413e-04	
1.34268e-05	
4.03259e-08	
3.13598e-08	
2.66957e-08	
2.36764e-08	
2.15780e-08	
2.00300e-08	
1.88217e-08	
1.78306e-08	
1.69839e-08	
1.62384e-08	
1.55672e-08	
1.49537e-08	
1.43870e-08	
1.38596e-08	
1.33664e-08	
1.29034e-08	
1.24677e-08	
1.20568e-08	
1.16687e-08	
1.13016e-08	
1.09539e-08	
1.06244e-08	
1.03117e-08	
1.00148e-08	
9.73260e-09	
9.46419e-09	
9.20872e-09	
8.96539e-09	
8.73346e-09	
8.51226e-09	
8.30114e-09	
8.09952e-09	
7.90686e-09	
7.72263e-09	
7.54637e-09	
7.37763e-09	
7.21600e-09	
7.06107e-09	
6.91249e-09	
6.76992e-09	
6.63303e-09	
6.50152e-09	
6.37511e-09	
