0.00000e+00	
4.27337e-04	
4.89680e-04	
4.96208e-04	
4.96911e-04	
4.97000e-04	
4.97021e-04	
4.97032e-04	
4.97041e-04	
4.97049e-04	
4.97055e-04	
4.97062e-04	
4.97067e-04	
4.97073e-04	
4.97078e-04	
4.97083e-04	
4.97087e-04	
4.97092e-04	
4.97096e-04	
4.95334e-04	
8.79414e-05	
1.39787e-05	
2.33985e-06	
4.90976e-07	
1.86275e-07	
1.28498e-07	
1.12234e-07	
1.04171e-07	
9.84648e-08	
9.38261e-08	
8.98300e-08	
8.62723e-08	
8.30360e-08	
8.00487e-08	
7.72638e-08	
7.46503e-08	
7.21868e-08	
6.98574e-08	
6.76503e-08	
6.55558e-08	
6.35659e-08	
6.16739e-08	
5.98735e-08	
5.81592e-08	
5.65261e-08	
5.49695e-08	
5.34851e-08	
5.20689e-08	
5.07172e-08	
4.94264e-08	
4.81933e-08	
4.70149e-08	
4.58881e-08	
4.48102e-08	
4.37788e-08	
4.27914e-08	
4.18456e-08	
4.09393e-08	
4.00706e-08	
3.92374e-08	
3.84380e-08	
