0.00000e+00	
0.00000e+00	
0.00000e+00	
0.00000e+00	
0.00000e+00	
0.00000e+00	
0.00000e+00	
0.00000e+00	
0.00000e+00	
0.00000e+00	
2.70827e-04	
2.42297e-04	
2.13776e-04	
1.85259e-04	
1.56750e-04	
1.28243e-04	
9.97432e-05	
7.12422e-05	
4.27435e-05	
1.42485e-05	
3.10433e-04	
2.77752e-04	
2.45074e-04	
2.12394e-04	
1.79717e-04	
1.47039e-04	
1.14366e-04	
8.16888e-05	
4.90120e-05	
1.63382e-05	
3.14581e-04	
2.81464e-04	
2.48351e-04	
2.15235e-04	
1.82123e-04	
1.49007e-04	
1.15898e-04	
8.27830e-05	
4.96686e-05	
1.65571e-05	
3.15028e-04	
2.81865e-04	
2.48705e-04	
2.15542e-04	
1.82382e-04	
1.49220e-04	
1.16063e-04	
8.29010e-05	
4.97394e-05	
1.65807e-05	
3.15085e-04	
2.81916e-04	
2.48750e-04	
2.15581e-04	
1.82415e-04	
1.49247e-04	
1.16084e-04	
8.29162e-05	
4.97485e-05	
1.65838e-05	
3.15098e-04	
2.81928e-04	
2.48760e-04	
2.15590e-04	
1.82423e-04	
1.49254e-04	
1.16089e-04	
8.29199e-05	
4.97508e-05	
1.65845e-05	
3.15106e-04	
2.81935e-04	
2.48767e-04	
2.15596e-04	
1.82428e-04	
1.49257e-04	
1.16092e-04	
8.29219e-05	
4.97520e-05	
1.65849e-05	
3.15112e-04	
2.81940e-04	
2.48771e-04	
2.15600e-04	
1.82431e-04	
1.49260e-04	
1.16094e-04	
8.29236e-05	
4.97530e-05	
1.65853e-05	
3.15117e-04	
2.81945e-04	
2.48775e-04	
2.15603e-04	
1.82434e-04	
1.49263e-04	
1.16096e-04	
8.29249e-05	
4.97538e-05	
1.65855e-05	
3.15121e-04	
2.81949e-04	
2.48779e-04	
2.15606e-04	
1.82437e-04	
1.49265e-04	
1.16098e-04	
8.29262e-05	
4.97545e-05	
1.65858e-05	
3.15125e-04	
2.81952e-04	
2.48782e-04	
2.15609e-04	
1.82439e-04	
1.49267e-04	
1.16100e-04	
8.29273e-05	
4.97552e-05	
1.65860e-05	
3.15129e-04	
2.81956e-04	
2.48785e-04	
2.15612e-04	
1.82442e-04	
1.49269e-04	
1.16101e-04	
8.29283e-05	
4.97558e-05	
1.65862e-05	
3.15133e-04	
2.81959e-04	
2.48788e-04	
2.15614e-04	
1.82444e-04	
1.49270e-04	
1.16102e-04	
8.29293e-05	
4.97564e-05	
1.65864e-05	
3.15136e-04	
2.81962e-04	
2.48791e-04	
2.15617e-04	
1.82446e-04	
1.49272e-04	
1.16104e-04	
8.29302e-05	
4.97570e-05	
1.65866e-05	
3.15139e-04	
2.81965e-04	
2.48793e-04	
2.15619e-04	
1.82448e-04	
1.49274e-04	
1.16105e-04	
8.29311e-05	
4.97575e-05	
1.65868e-05	
3.15142e-04	
2.81968e-04	
2.48796e-04	
2.15621e-04	
1.82449e-04	
1.49275e-04	
1.16106e-04	
8.29320e-05	
4.97580e-05	
1.65869e-05	
3.15145e-04	
2.81970e-04	
2.48798e-04	
2.15623e-04	
1.82451e-04	
1.49276e-04	
1.16107e-04	
8.29328e-05	
4.97585e-05	
1.65871e-05	
3.15148e-04	
2.81973e-04	
2.48800e-04	
2.15625e-04	
1.82453e-04	
1.49278e-04	
1.16108e-04	
8.29335e-05	
4.97590e-05	
1.65873e-05	
3.14103e-04	
2.81052e-04	
2.48000e-04	
2.14940e-04	
1.81880e-04	
1.48813e-04	
1.15750e-04	
8.26788e-05	
4.96067e-05	
1.65366e-05	
5.58509e-05	
4.99922e-05	
4.41271e-05	
3.82554e-05	
3.23791e-05	
2.64979e-05	
2.06139e-05	
1.47262e-05	
8.83638e-06	
2.94577e-06	
8.88095e-06	
7.94995e-06	
7.01768e-06	
6.08425e-06	
5.14997e-06	
4.21481e-06	
3.27910e-06	
2.34270e-06	
1.40576e-06	
4.68647e-07	
1.48918e-06	
1.33357e-06	
1.17754e-06	
1.02122e-06	
8.64660e-07	
7.07863e-07	
5.50879e-07	
3.93699e-07	
2.36277e-07	
7.87766e-08	
3.14593e-07	
2.82138e-07	
2.49427e-07	
2.16567e-07	
1.83572e-07	
1.50454e-07	
1.17219e-07	
8.38772e-08	
5.03642e-08	
1.67975e-08	
1.20744e-07	
1.08568e-07	
9.61844e-08	
8.36815e-08	
7.10679e-08	
5.83579e-08	
4.55504e-08	
3.26590e-08	
1.96252e-08	
6.54864e-09	
8.37982e-08	
7.54545e-08	
6.69253e-08	
5.82882e-08	
4.95503e-08	
4.07268e-08	
3.18162e-08	
2.28320e-08	
1.37239e-08	
4.58026e-09	
7.32815e-08	
6.60068e-08	
5.85612e-08	
5.10145e-08	
4.33736e-08	
3.56542e-08	
2.78553e-08	
1.99897e-08	
1.20147e-08	
4.00968e-09	
6.80172e-08	
6.12672e-08	
5.43569e-08	
4.73507e-08	
4.02558e-08	
3.30880e-08	
2.58466e-08	
1.85442e-08	
1.11445e-08	
3.71896e-09	
6.42792e-08	
5.78983e-08	
5.13655e-08	
4.47414e-08	
3.80332e-08	
3.12566e-08	
2.44115e-08	
1.75102e-08	
1.05218e-08	
3.51086e-09	
6.12394e-08	
5.51579e-08	
4.89314e-08	
4.26174e-08	
3.62233e-08	
2.97648e-08	
2.32421e-08	
1.66673e-08	
1.00141e-08	
3.34124e-09	
5.86220e-08	
5.27981e-08	
4.68351e-08	
4.07882e-08	
3.46646e-08	
2.84799e-08	
2.22348e-08	
1.59413e-08	
9.57700e-09	
3.19519e-09	
5.62936e-08	
5.06990e-08	
4.49706e-08	
3.91613e-08	
3.32783e-08	
2.73373e-08	
2.13392e-08	
1.52961e-08	
9.18856e-09	
3.06544e-09	
5.41771e-08	
4.87912e-08	
4.32763e-08	
3.76832e-08	
3.20192e-08	
2.62996e-08	
2.05260e-08	
1.47105e-08	
8.83612e-09	
2.94772e-09	
5.22251e-08	
4.70319e-08	
4.17142e-08	
3.63207e-08	
3.08588e-08	
2.53435e-08	
1.97770e-08	
1.41714e-08	
8.51171e-09	
2.83938e-09	
5.04067e-08	
4.53934e-08	
4.02596e-08	
3.50524e-08	
2.97787e-08	
2.44538e-08	
1.90804e-08	
1.36701e-08	
8.21017e-09	
2.73870e-09	
4.87014e-08	
4.38570e-08	
3.88961e-08	
3.38636e-08	
2.87667e-08	
2.36205e-08	
1.84280e-08	
1.32009e-08	
7.92798e-09	
2.64448e-09	
4.70949e-08	
4.24100e-08	
3.76120e-08	
3.27445e-08	
2.78142e-08	
2.28362e-08	
1.78142e-08	
1.27597e-08	
7.66267e-09	
2.55591e-09	
4.55768e-08	
4.10428e-08	
3.63991e-08	
3.16874e-08	
2.69147e-08	
2.20959e-08	
1.72350e-08	
1.23435e-08	
7.41242e-09	
2.47238e-09	
4.41391e-08	
3.97482e-08	
3.52508e-08	
3.06869e-08	
2.60635e-08	
2.13954e-08	
1.66871e-08	
1.19499e-08	
7.17583e-09	
2.39341e-09	
4.27754e-08	
3.85204e-08	
3.41619e-08	
2.97383e-08	
2.52566e-08	
2.07315e-08	
1.61680e-08	
1.15772e-08	
6.95176e-09	
2.31863e-09	
4.14804e-08	
3.73546e-08	
3.31281e-08	
2.88379e-08	
2.44907e-08	
2.01016e-08	
1.56756e-08	
1.12236e-08	
6.73928e-09	
2.24772e-09	
4.02495e-08	
3.62466e-08	
3.21458e-08	
2.79824e-08	
2.37632e-08	
1.95032e-08	
1.52079e-08	
1.08880e-08	
6.53757e-09	
2.18041e-09	
3.90785e-08	
3.51928e-08	
3.12115e-08	
2.71688e-08	
2.30714e-08	
1.89344e-08	
1.47634e-08	
1.05691e-08	
6.34593e-09	
2.11646e-09	
3.79640e-08	
3.41897e-08	
3.03224e-08	
2.63947e-08	
2.24133e-08	
1.83933e-08	
1.43407e-08	
1.02658e-08	
6.16370e-09	
2.05566e-09	
3.69025e-08	
3.32345e-08	
2.94758e-08	
2.56576e-08	
2.17867e-08	
1.78783e-08	
1.39384e-08	
9.97721e-09	
5.99032e-09	
1.99780e-09	
3.58909e-08	
3.23244e-08	
2.86691e-08	
2.49553e-08	
2.11898e-08	
1.73877e-08	
1.35552e-08	
9.70245e-09	
5.82525e-09	
1.94273e-09	
3.49265e-08	
3.14567e-08	
2.79002e-08	
2.42860e-08	
2.06210e-08	
1.69202e-08	
1.31902e-08	
9.44070e-09	
5.66800e-09	
1.89026e-09	
3.40066e-08	
3.06290e-08	
2.71668e-08	
2.36477e-08	
2.00785e-08	
1.64745e-08	
1.28421e-08	
9.19120e-09	
5.51812e-09	
1.84026e-09	
3.31287e-08	
2.98393e-08	
2.64671e-08	
2.30386e-08	
1.95610e-08	
1.60493e-08	
1.25102e-08	
8.95326e-09	
5.37519e-09	
1.79257e-09	
3.22906e-08	
2.90853e-08	
2.57990e-08	
2.24572e-08	
1.90670e-08	
1.56434e-08	
1.21934e-08	
8.72623e-09	
5.23881e-09	
1.74708e-09	
3.14900e-08	
2.83652e-08	
2.51610e-08	
2.19020e-08	
1.85953e-08	
1.52559e-08	
1.18910e-08	
8.50949e-09	
5.10863e-09	
1.70365e-09	
3.07249e-08	
2.76770e-08	
2.45514e-08	
2.13715e-08	
1.81446e-08	
1.48858e-08	
1.16021e-08	
8.30248e-09	
4.98429e-09	
1.66217e-09	
2.99935e-08	
2.70191e-08	
2.39686e-08	
2.08643e-08	
1.77138e-08	
1.45320e-08	
1.13260e-08	
8.10467e-09	
4.86549e-09	
1.62254e-09	
2.92940e-08	
2.63899e-08	
2.34112e-08	
2.03793e-08	
1.73018e-08	
1.41937e-08	
1.10620e-08	
7.91557e-09	
4.75191e-09	
1.58465e-09	
2.86246e-08	
2.57879e-08	
2.28779e-08	
1.99153e-08	
1.69077e-08	
1.38700e-08	
1.08095e-08	
7.73469e-09	
4.64328e-09	
1.54842e-09	
2.79837e-08	
2.52115e-08	
2.23674e-08	
1.94711e-08	
1.65304e-08	
1.35603e-08	
1.05679e-08	
7.56160e-09	
4.53933e-09	
1.51374e-09	
2.73700e-08	
2.46596e-08	
2.18785e-08	
1.90457e-08	
1.61692e-08	
1.32637e-08	
1.03365e-08	
7.39590e-09	
4.43982e-09	
1.48055e-09	
2.67820e-08	
2.41307e-08	
2.14100e-08	
1.86382e-08	
1.58231e-08	
1.29796e-08	
1.01149e-08	
7.23718e-09	
4.34450e-09	
1.44876e-09	
2.62183e-08	
2.36238e-08	
2.09610e-08	
1.82476e-08	
1.54914e-08	
1.27073e-08	
9.90253e-09	
7.08509e-09	
4.25317e-09	
1.41829e-09	
2.56777e-08	
2.31376e-08	
2.05304e-08	
1.78730e-08	
1.51733e-08	
1.24462e-08	
9.69891e-09	
6.93927e-09	
4.16561e-09	
1.38908e-09	
2.51590e-08	
2.26712e-08	
2.01173e-08	
1.75136e-08	
1.48682e-08	
1.21957e-08	
9.50359e-09	
6.79941e-09	
4.08162e-09	
1.36107e-09	
