1.78200e-12
0.00000e+00	0.00000e+00	0.00000e+00	0.00000e+00	0.00000e+00	0.00000e+00	0.00000e+00	0.00000e+00	0.00000e+00	0.00000e+00	0.00000e+00	0.00000e+00	0.00000e+00	0.00000e+00	0.00000e+00	0.00000e+00	0.00000e+00	0.00000e+00	0.00000e+00	0.00000e+00	
1.67998e-12
8.07081e-03	7.67684e-03	7.28733e-03	6.89500e-03	6.51083e-03	6.13427e-03	5.75819e-03	5.38347e-03	5.01855e-03	4.65536e-03	4.28826e-03	3.93246e-03	3.58090e-03	3.22677e-03	2.87803e-03	2.53493e-03	2.19007e-03	1.84543e-03	1.50777e-03	1.17042e-03	
1.58549e-12
8.71263e-03	8.32301e-03	7.93418e-03	7.53880e-03	7.14794e-03	6.76113e-03	6.37113e-03	5.97884e-03	5.59325e-03	5.20601e-03	4.81116e-03	4.42525e-03	4.04086e-03	3.65075e-03	3.26386e-03	2.88076e-03	2.49346e-03	2.10442e-03	1.72158e-03	1.33770e-03	
1.49176e-12
8.77986e-03	8.39068e-03	8.00192e-03	7.60622e-03	7.21466e-03	6.82679e-03	6.43533e-03	6.04119e-03	5.65343e-03	5.26367e-03	4.86591e-03	4.47685e-03	4.08903e-03	3.69515e-03	3.30426e-03	2.91697e-03	2.52522e-03	2.13154e-03	1.74397e-03	1.35521e-03	
1.39812e-12
8.78711e-03	8.39798e-03	8.00922e-03	7.61349e-03	7.22185e-03	6.83386e-03	6.44225e-03	6.04791e-03	5.65991e-03	5.26988e-03	4.87181e-03	4.48240e-03	4.09422e-03	3.69993e-03	3.30861e-03	2.92087e-03	2.52864e-03	2.13445e-03	1.74638e-03	1.35710e-03	
1.30448e-12
8.78804e-03	8.39891e-03	8.01015e-03	7.61441e-03	7.22277e-03	6.83476e-03	6.44313e-03	6.04876e-03	5.66074e-03	5.27066e-03	4.87255e-03	4.48311e-03	4.09487e-03	3.70054e-03	3.30916e-03	2.92136e-03	2.52907e-03	2.13482e-03	1.74668e-03	1.35733e-03	
1.21084e-12
8.78826e-03	8.39914e-03	8.01038e-03	7.61463e-03	7.22299e-03	6.83498e-03	6.44335e-03	6.04897e-03	5.66093e-03	5.27085e-03	4.87273e-03	4.48327e-03	4.09503e-03	3.70068e-03	3.30929e-03	2.92148e-03	2.52917e-03	2.13491e-03	1.74675e-03	1.35739e-03	
1.11721e-12
8.78838e-03	8.39926e-03	8.01050e-03	7.61476e-03	7.22311e-03	6.83510e-03	6.44346e-03	6.04908e-03	5.66104e-03	5.27095e-03	4.87283e-03	4.48336e-03	4.09511e-03	3.70076e-03	3.30936e-03	2.92154e-03	2.52923e-03	2.13495e-03	1.74679e-03	1.35742e-03	
1.02358e-12
8.78848e-03	8.39936e-03	8.01060e-03	7.61485e-03	7.22320e-03	6.83519e-03	6.44355e-03	6.04917e-03	5.66112e-03	5.27103e-03	4.87290e-03	4.48343e-03	4.09518e-03	3.70082e-03	3.30942e-03	2.92159e-03	2.52927e-03	2.13499e-03	1.74682e-03	1.35744e-03	
9.29941e-13
8.78856e-03	8.39944e-03	8.01068e-03	7.61493e-03	7.22328e-03	6.83527e-03	6.44363e-03	6.04924e-03	5.66119e-03	5.27110e-03	4.87296e-03	4.48349e-03	4.09523e-03	3.70087e-03	3.30946e-03	2.92163e-03	2.52931e-03	2.13502e-03	1.74684e-03	1.35746e-03	
8.36306e-13
8.78864e-03	8.39951e-03	8.01075e-03	7.61500e-03	7.22335e-03	6.83534e-03	6.44370e-03	6.04931e-03	5.66126e-03	5.27116e-03	4.87302e-03	4.48355e-03	4.09528e-03	3.70092e-03	3.30950e-03	2.92167e-03	2.52934e-03	2.13505e-03	1.74687e-03	1.35748e-03	
7.42672e-13
8.78871e-03	8.39958e-03	8.01082e-03	7.61507e-03	7.22342e-03	6.83541e-03	6.44377e-03	6.04937e-03	5.66132e-03	5.27121e-03	4.87307e-03	4.48360e-03	4.09533e-03	3.70096e-03	3.30954e-03	2.92170e-03	2.52937e-03	2.13507e-03	1.74689e-03	1.35750e-03	
6.49039e-13
8.78877e-03	8.39964e-03	8.01088e-03	7.61513e-03	7.22348e-03	6.83547e-03	6.44382e-03	6.04942e-03	5.66137e-03	5.27127e-03	4.87312e-03	4.48364e-03	4.09537e-03	3.70100e-03	3.30958e-03	2.92173e-03	2.52940e-03	2.13510e-03	1.74691e-03	1.35751e-03	
5.55405e-13
8.78883e-03	8.39970e-03	8.01094e-03	7.61519e-03	7.22354e-03	6.83552e-03	6.44388e-03	6.04948e-03	5.66142e-03	5.27131e-03	4.87317e-03	4.48369e-03	4.09541e-03	3.70104e-03	3.30961e-03	2.92176e-03	2.52942e-03	2.13512e-03	1.74692e-03	1.35753e-03	
4.61772e-13
8.78889e-03	8.39976e-03	8.01100e-03	7.61525e-03	7.22359e-03	6.83558e-03	6.44393e-03	6.04953e-03	5.66147e-03	5.27136e-03	4.87321e-03	4.48373e-03	4.09545e-03	3.70107e-03	3.30964e-03	2.92179e-03	2.52945e-03	2.13514e-03	1.74694e-03	1.35754e-03	
3.68138e-13
8.78894e-03	8.39981e-03	8.01105e-03	7.61530e-03	7.22364e-03	6.83563e-03	6.44398e-03	6.04958e-03	5.66152e-03	5.27140e-03	4.87325e-03	4.48376e-03	4.09549e-03	3.70110e-03	3.30967e-03	2.92182e-03	2.52947e-03	2.13516e-03	1.74696e-03	1.35755e-03	
2.74505e-13
8.78899e-03	8.39986e-03	8.01110e-03	7.61535e-03	7.22369e-03	6.83568e-03	6.44403e-03	6.04962e-03	5.66156e-03	5.27145e-03	4.87329e-03	4.48380e-03	4.09552e-03	3.70114e-03	3.30970e-03	2.92184e-03	2.52949e-03	2.13518e-03	1.74697e-03	1.35756e-03	
1.80872e-13
8.78904e-03	8.39991e-03	8.01115e-03	7.61540e-03	7.22374e-03	6.83573e-03	6.44408e-03	6.04967e-03	5.66160e-03	5.27149e-03	4.87333e-03	4.48384e-03	4.09556e-03	3.70117e-03	3.30973e-03	2.92187e-03	2.52951e-03	2.13520e-03	1.74699e-03	1.35758e-03	
8.72395e-14
8.78909e-03	8.39996e-03	8.01120e-03	7.61545e-03	7.22379e-03	6.83577e-03	6.44412e-03	6.04971e-03	5.66164e-03	5.27153e-03	4.87337e-03	4.48387e-03	4.09559e-03	3.70120e-03	3.30976e-03	2.92189e-03	2.52954e-03	2.13521e-03	1.74700e-03	1.35759e-03	
-3.07313e-19
6.68587e-03	6.64375e-03	6.56035e-03	6.43492e-03	6.27286e-03	6.07743e-03	5.84805e-03	5.58810e-03	5.30735e-03	5.00343e-03	4.67450e-03	4.33752e-03	3.98923e-03	3.62536e-03	3.25634e-03	2.88466e-03	2.50403e-03	2.11803e-03	1.73550e-03	1.34998e-03	
-3.07313e-19
1.00886e-03	1.00414e-03	9.94765e-04	9.80525e-04	9.61849e-04	9.38894e-04	9.11336e-04	8.79220e-04	8.43548e-04	8.03759e-04	7.59330e-04	7.12337e-04	6.62189e-04	6.08135e-04	5.51597e-04	4.93021e-04	4.31457e-04	3.67554e-04	3.02937e-04	2.36711e-04	
-3.07313e-19
1.60450e-04	1.59681e-04	1.58178e-04	1.55908e-04	1.52938e-04	1.49294e-04	1.44925e-04	1.39797e-04	1.34109e-04	1.27773e-04	1.20704e-04	1.13232e-04	1.05264e-04	9.66792e-05	8.76805e-05	7.83617e-05	6.85711e-05	5.84116e-05	4.81411e-05	3.76169e-05	
-3.07313e-19
2.69269e-05	2.67834e-05	2.65215e-05	2.61355e-05	2.56371e-05	2.50303e-05	2.43065e-05	2.34303e-05	2.24649e-05	2.13949e-05	2.02061e-05	1.89539e-05	1.76221e-05	1.61904e-05	1.46755e-05	1.31098e-05	1.14677e-05	9.76606e-06	8.04775e-06	6.28854e-06	
-3.07313e-19
5.70795e-06	5.66610e-06	5.60282e-06	5.51684e-06	5.41083e-06	5.28554e-06	5.13919e-06	4.94118e-06	4.72787e-06	4.49579e-06	4.24180e-06	3.97757e-06	3.69943e-06	3.40294e-06	3.07827e-06	2.74523e-06	2.39809e-06	2.04021e-06	1.68035e-06	1.31315e-06	
-3.07313e-19
2.20615e-06	2.18249e-06	2.15287e-06	2.11678e-06	2.07537e-06	2.02889e-06	1.97666e-06	1.89215e-06	1.80406e-06	1.71090e-06	1.61139e-06	1.50999e-06	1.40515e-06	1.29504e-06	1.16739e-06	1.03805e-06	9.04627e-07	7.68284e-07	6.32176e-07	4.94091e-07	
-3.07313e-19
1.53895e-06	1.51968e-06	1.49706e-06	1.47074e-06	1.44157e-06	1.40971e-06	1.37469e-06	1.31282e-06	1.24930e-06	1.18304e-06	1.11310e-06	1.04261e-06	9.70400e-07	8.95188e-07	8.05434e-07	7.15061e-07	6.22345e-07	5.28037e-07	4.34258e-07	3.39414e-07	
-3.07313e-19
1.34908e-06	1.33161e-06	1.31136e-06	1.28799e-06	1.26228e-06	1.23437e-06	1.20385e-06	1.14904e-06	1.09293e-06	1.03457e-06	9.73143e-07	9.11370e-07	8.48237e-07	7.82598e-07	7.03822e-07	6.24616e-07	5.43457e-07	4.60991e-07	3.79062e-07	2.96263e-07	
-3.07313e-19
1.25393e-06	1.23760e-06	1.21869e-06	1.19689e-06	1.17292e-06	1.14693e-06	1.11853e-06	1.06749e-06	1.01528e-06	9.60987e-07	9.03860e-07	8.46434e-07	7.87761e-07	7.26776e-07	6.53572e-07	5.79982e-07	5.04591e-07	4.27999e-07	3.51916e-07	2.75034e-07	
-3.07313e-19
1.18621e-06	1.17075e-06	1.15283e-06	1.13217e-06	1.10947e-06	1.08484e-06	1.05792e-06	1.00963e-06	9.60231e-07	9.08864e-07	8.54812e-07	8.00476e-07	7.44962e-07	6.87261e-07	6.18029e-07	5.48433e-07	4.77136e-07	4.04703e-07	3.32752e-07	2.60046e-07	
-3.07313e-19
1.13098e-06	1.11623e-06	1.09914e-06	1.07943e-06	1.05776e-06	1.03425e-06	1.00856e-06	9.62520e-07	9.15415e-07	8.66435e-07	8.14893e-07	7.63080e-07	7.10142e-07	6.55119e-07	5.89121e-07	5.22777e-07	4.54810e-07	3.85760e-07	3.17170e-07	2.47860e-07	
-3.07313e-19
1.08328e-06	1.06915e-06	1.05277e-06	1.03389e-06	1.01312e-06	9.90589e-07	9.65967e-07	9.21866e-07	8.76743e-07	8.29825e-07	7.80452e-07	7.30819e-07	6.80110e-07	6.27403e-07	5.64193e-07	5.00652e-07	4.35556e-07	3.69425e-07	3.03733e-07	2.37353e-07	
-3.07313e-19
1.04073e-06	1.02715e-06	1.01141e-06	9.93260e-07	9.73303e-07	9.51652e-07	9.27991e-07	8.85616e-07	8.42260e-07	7.97180e-07	7.49742e-07	7.02057e-07	6.53337e-07	6.02699e-07	5.41974e-07	4.80930e-07	4.18394e-07	3.54864e-07	2.91757e-07	2.27989e-07	
-3.07313e-19
1.00196e-06	9.88882e-07	9.73717e-07	9.56237e-07	9.37021e-07	9.16175e-07	8.93396e-07	8.52592e-07	8.10844e-07	7.67438e-07	7.21764e-07	6.75854e-07	6.28950e-07	5.80201e-07	5.21736e-07	4.62967e-07	4.02763e-07	3.41602e-07	2.80849e-07	2.19462e-07	
-3.07313e-19
9.66125e-07	9.53500e-07	9.38870e-07	9.22011e-07	9.03480e-07	8.83381e-07	8.61421e-07	8.22066e-07	7.81804e-07	7.39945e-07	6.95903e-07	6.51635e-07	6.06411e-07	5.59408e-07	5.03033e-07	4.46366e-07	3.88316e-07	3.29345e-07	2.70770e-07	2.11582e-07	
-3.07313e-19
9.32676e-07	9.20475e-07	9.06343e-07	8.90063e-07	8.72172e-07	8.52772e-07	8.31578e-07	7.93574e-07	7.54698e-07	7.14283e-07	6.71764e-07	6.29029e-07	5.85374e-07	5.40004e-07	4.85578e-07	4.30872e-07	3.74833e-07	3.17906e-07	2.61363e-07	2.04230e-07	
-3.07313e-19
9.01255e-07	8.89451e-07	8.75785e-07	8.60048e-07	8.42760e-07	8.24017e-07	8.03544e-07	7.66808e-07	7.29232e-07	6.90174e-07	6.49086e-07	6.07792e-07	5.65611e-07	5.21776e-07	4.69180e-07	4.16316e-07	3.62166e-07	3.07161e-07	2.52527e-07	1.97324e-07	
-3.07313e-19
8.71612e-07	8.60180e-07	8.46954e-07	8.31728e-07	8.15008e-07	7.96885e-07	7.77093e-07	7.41553e-07	7.05204e-07	6.67426e-07	6.27687e-07	5.87752e-07	5.46964e-07	5.04578e-07	4.53709e-07	4.02583e-07	3.50216e-07	2.97023e-07	2.44190e-07	1.90810e-07	
-3.07313e-19
8.43564e-07	8.32484e-07	8.19671e-07	8.04930e-07	7.88747e-07	7.71211e-07	7.52064e-07	7.17654e-07	6.82466e-07	6.45898e-07	6.07436e-07	5.68789e-07	5.29317e-07	4.88303e-07	4.39069e-07	3.89587e-07	3.38907e-07	2.87429e-07	2.36302e-07	1.84646e-07	
-3.07313e-19
8.16973e-07	8.06224e-07	7.93803e-07	7.79520e-07	7.63846e-07	7.46867e-07	7.28332e-07	6.94993e-07	6.60904e-07	6.25484e-07	5.88233e-07	5.50806e-07	5.12585e-07	4.72872e-07	4.25187e-07	3.77265e-07	3.28183e-07	2.78332e-07	2.28823e-07	1.78802e-07	
-3.07313e-19
7.91727e-07	7.81291e-07	7.69241e-07	7.55393e-07	7.40202e-07	7.23751e-07	7.05798e-07	6.73475e-07	6.40430e-07	6.06099e-07	5.69998e-07	5.33730e-07	4.96696e-07	4.58219e-07	4.12004e-07	3.65563e-07	3.18001e-07	2.69694e-07	2.21721e-07	1.73254e-07	
-3.07313e-19
7.67732e-07	7.57593e-07	7.45895e-07	7.32459e-07	7.17727e-07	7.01779e-07	6.84378e-07	6.53020e-07	6.20968e-07	5.87671e-07	5.52663e-07	5.17498e-07	4.81592e-07	4.44290e-07	3.99473e-07	3.54440e-07	3.08321e-07	2.61483e-07	2.14970e-07	1.67980e-07	
-3.07313e-19
7.44908e-07	7.35050e-07	7.23686e-07	7.10641e-07	6.96346e-07	6.80876e-07	6.64002e-07	6.33561e-07	6.02452e-07	5.70140e-07	5.36172e-07	5.02054e-07	4.67222e-07	4.31039e-07	3.87552e-07	3.43857e-07	2.99112e-07	2.53672e-07	2.08548e-07	1.62963e-07	
-3.07313e-19
7.23183e-07	7.13592e-07	7.02545e-07	6.89873e-07	6.75992e-07	6.60977e-07	6.44604e-07	6.15037e-07	5.84825e-07	5.53450e-07	5.20471e-07	4.87352e-07	4.53543e-07	4.18424e-07	3.76203e-07	3.33783e-07	2.90345e-07	2.46235e-07	2.02434e-07	1.58187e-07	
-3.07313e-19
7.02491e-07	6.93154e-07	6.82409e-07	6.70091e-07	6.56606e-07	6.42024e-07	6.26128e-07	5.97392e-07	5.68034e-07	5.37552e-07	5.05516e-07	4.73348e-07	4.40512e-07	4.06409e-07	3.65393e-07	3.24186e-07	2.81995e-07	2.39152e-07	1.96611e-07	1.53638e-07	
-3.07313e-19
6.82775e-07	6.73678e-07	6.63220e-07	6.51239e-07	6.38131e-07	6.23962e-07	6.08521e-07	5.80577e-07	5.52033e-07	5.22401e-07	4.91263e-07	4.60001e-07	4.28094e-07	3.94958e-07	3.55091e-07	3.15041e-07	2.74036e-07	2.32401e-07	1.91061e-07	1.49303e-07	
-3.07313e-19
6.63978e-07	6.55110e-07	6.44925e-07	6.33266e-07	6.20516e-07	6.06741e-07	5.91734e-07	5.64545e-07	5.36777e-07	5.07955e-07	4.77674e-07	4.47275e-07	4.16254e-07	3.84040e-07	3.45268e-07	3.06321e-07	2.66448e-07	2.25964e-07	1.85770e-07	1.45170e-07	
-3.07313e-19
6.46049e-07	6.37399e-07	6.27474e-07	6.16122e-07	6.03715e-07	5.90315e-07	5.75722e-07	5.49252e-07	5.22224e-07	4.94175e-07	4.64711e-07	4.35137e-07	4.04960e-07	3.73626e-07	3.35898e-07	2.98003e-07	2.59210e-07	2.19824e-07	1.80722e-07	1.41228e-07	
-3.07313e-19
6.28942e-07	6.20499e-07	6.10822e-07	5.99762e-07	5.87681e-07	5.74640e-07	5.60443e-07	5.34659e-07	5.08336e-07	4.81025e-07	4.52340e-07	4.23552e-07	3.94181e-07	3.63687e-07	3.26956e-07	2.90065e-07	2.52302e-07	2.13965e-07	1.75906e-07	1.37466e-07	
-3.07313e-19
6.12611e-07	6.04366e-07	5.94926e-07	5.84144e-07	5.72375e-07	5.59676e-07	5.45856e-07	5.20726e-07	4.95077e-07	4.68470e-07	4.40530e-07	4.12493e-07	3.83892e-07	3.54200e-07	3.18420e-07	2.82487e-07	2.45708e-07	2.08371e-07	1.71307e-07	1.33874e-07	
-3.07313e-19
5.97014e-07	5.88958e-07	5.79743e-07	5.69228e-07	5.57756e-07	5.45384e-07	5.31924e-07	5.07420e-07	4.82414e-07	4.56479e-07	4.29249e-07	4.01930e-07	3.74064e-07	3.45138e-07	3.10267e-07	2.75249e-07	2.39409e-07	2.03028e-07	1.66915e-07	1.30444e-07	
-3.07313e-19
5.82113e-07	5.74236e-07	5.65237e-07	5.54975e-07	5.43788e-07	5.31728e-07	5.18613e-07	4.94706e-07	4.70315e-07	4.45022e-07	4.18471e-07	3.91837e-07	3.64674e-07	3.36480e-07	3.02477e-07	2.68333e-07	2.33391e-07	1.97924e-07	1.62719e-07	1.27167e-07	
-3.07313e-19
5.67870e-07	5.60164e-07	5.51370e-07	5.41352e-07	5.30436e-07	5.18676e-07	5.05890e-07	4.82553e-07	4.58749e-07	4.34070e-07	4.08169e-07	3.82190e-07	3.55698e-07	3.28204e-07	2.95031e-07	2.61723e-07	2.27638e-07	1.93044e-07	1.58707e-07	1.24034e-07	
-3.07313e-19
5.54250e-07	5.46708e-07	5.38111e-07	5.28325e-07	5.17669e-07	5.06194e-07	4.93723e-07	4.70932e-07	4.47690e-07	4.23598e-07	3.98317e-07	3.72964e-07	3.47115e-07	3.20290e-07	2.87910e-07	2.55401e-07	2.22137e-07	1.88378e-07	1.54872e-07	1.21038e-07	
-3.07313e-19
5.41221e-07	5.33835e-07	5.25426e-07	5.15862e-07	5.05454e-07	4.94253e-07	4.82084e-07	4.59815e-07	4.37109e-07	4.13579e-07	3.88891e-07	3.64138e-07	3.38903e-07	3.12720e-07	2.81098e-07	2.49354e-07	2.16874e-07	1.83913e-07	1.51202e-07	1.18172e-07	
-3.07313e-19
5.28751e-07	5.21515e-07	5.13286e-07	5.03934e-07	4.93764e-07	4.82824e-07	4.70944e-07	4.49174e-07	4.26983e-07	4.03990e-07	3.79871e-07	3.55692e-07	3.31045e-07	3.05474e-07	2.74578e-07	2.43566e-07	2.11837e-07	1.79641e-07	1.47690e-07	1.15430e-07	
-3.07313e-19
5.16812e-07	5.09719e-07	5.01662e-07	4.92513e-07	4.82572e-07	4.71882e-07	4.60279e-07	4.38987e-07	4.17287e-07	3.94809e-07	3.71234e-07	3.47604e-07	3.23520e-07	2.98537e-07	2.68336e-07	2.38024e-07	2.07015e-07	1.75550e-07	1.44327e-07	1.12803e-07	
-3.07313e-19
5.05375e-07	4.98420e-07	4.90527e-07	4.81574e-07	4.71851e-07	4.61401e-07	4.50063e-07	4.29228e-07	4.08000e-07	3.86014e-07	3.62961e-07	3.39857e-07	3.16313e-07	2.91892e-07	2.62357e-07	2.32716e-07	2.02395e-07	1.71632e-07	1.41106e-07	1.10288e-07	
-3.07313e-19
4.94416e-07	4.87593e-07	4.79858e-07	4.71091e-07	4.61577e-07	4.51357e-07	4.40273e-07	4.19877e-07	3.99100e-07	3.77587e-07	3.55033e-07	3.32434e-07	3.09407e-07	2.85524e-07	2.56628e-07	2.27630e-07	1.97969e-07	1.67877e-07	1.38020e-07	1.07878e-07	
-3.07313e-19
4.83910e-07	4.77212e-07	4.69628e-07	4.61041e-07	4.51727e-07	4.41728e-07	4.30888e-07	4.10912e-07	3.90569e-07	3.69508e-07	3.47433e-07	3.25317e-07	3.02786e-07	2.79420e-07	2.51135e-07	2.22753e-07	1.93725e-07	1.64277e-07	1.35061e-07	1.05567e-07	
-3.07313e-19
4.73833e-07	4.67256e-07	4.59818e-07	4.51402e-07	4.42280e-07	4.32493e-07	4.21886e-07	4.02314e-07	3.82386e-07	3.61759e-07	3.40144e-07	3.18491e-07	2.96436e-07	2.73566e-07	2.45867e-07	2.18077e-07	1.89655e-07	1.60825e-07	1.32223e-07	1.03351e-07	
-3.07313e-19
4.64163e-07	4.57703e-07	4.50404e-07	4.42153e-07	4.33216e-07	4.23632e-07	4.13249e-07	3.94064e-07	3.74534e-07	3.54325e-07	3.33150e-07	3.11942e-07	2.90343e-07	2.67948e-07	2.40813e-07	2.13589e-07	1.85750e-07	1.57513e-07	1.29500e-07	1.01224e-07	
