0.00000e+00	
0.00000e+00	
0.00000e+00	
0.00000e+00	
0.00000e+00	
0.00000e+00	
0.00000e+00	
0.00000e+00	
0.00000e+00	
0.00000e+00	
2.00878e-05	
1.79732e-05	
1.58587e-05	
1.37441e-05	
1.16297e-05	
9.51508e-06	
7.40082e-06	
5.28624e-06	
3.17167e-06	
1.05728e-06	
2.00883e-05	
1.79736e-05	
1.58591e-05	
1.37445e-05	
1.16300e-05	
9.51533e-06	
7.40102e-06	
5.28638e-06	
3.17176e-06	
1.05731e-06	
2.00886e-05	
1.79739e-05	
1.58594e-05	
1.37447e-05	
1.16302e-05	
9.51550e-06	
7.40115e-06	
5.28648e-06	
3.17181e-06	
1.05733e-06	
2.00888e-05	
1.79741e-05	
1.58596e-05	
1.37449e-05	
1.16303e-05	
9.51562e-06	
7.40125e-06	
5.28655e-06	
3.17186e-06	
1.05735e-06	
2.00890e-05	
1.79743e-05	
1.58597e-05	
1.37450e-05	
1.16304e-05	
9.51572e-06	
7.40132e-06	
5.28661e-06	
3.17189e-06	
1.05736e-06	
2.00892e-05	
1.79744e-05	
1.58599e-05	
1.37451e-05	
1.16305e-05	
9.51580e-06	
7.40139e-06	
5.28665e-06	
3.17192e-06	
1.05737e-06	
2.00893e-05	
1.79745e-05	
1.58600e-05	
1.37452e-05	
1.16306e-05	
9.51587e-06	
7.40144e-06	
5.28669e-06	
3.17194e-06	
1.05737e-06	
2.00894e-05	
1.79746e-05	
1.58601e-05	
1.37453e-05	
1.16307e-05	
9.51593e-06	
7.40149e-06	
5.28672e-06	
3.17196e-06	
1.05738e-06	
2.00895e-05	
1.79747e-05	
1.58601e-05	
1.37454e-05	
1.16308e-05	
9.51599e-06	
7.40153e-06	
5.28676e-06	
3.17198e-06	
1.05739e-06	
2.00896e-05	
1.79748e-05	
1.58602e-05	
1.37454e-05	
1.16308e-05	
9.51603e-06	
7.40157e-06	
5.28678e-06	
3.17200e-06	
1.05739e-06	
2.00897e-05	
1.79749e-05	
1.58603e-05	
1.37455e-05	
1.16309e-05	
9.51608e-06	
7.40161e-06	
5.28681e-06	
3.17201e-06	
1.05740e-06	
2.00897e-05	
1.79750e-05	
1.58604e-05	
1.37456e-05	
1.16309e-05	
9.51612e-06	
7.40164e-06	
5.28683e-06	
3.17203e-06	
1.05740e-06	
2.00898e-05	
1.79750e-05	
1.58604e-05	
1.37456e-05	
1.16310e-05	
9.51616e-06	
7.40167e-06	
5.28685e-06	
3.17204e-06	
1.05741e-06	
2.00899e-05	
1.79751e-05	
1.58605e-05	
1.37457e-05	
1.16310e-05	
9.51619e-06	
7.40170e-06	
5.28687e-06	
3.17205e-06	
1.05741e-06	
2.00899e-05	
1.79751e-05	
1.58605e-05	
1.37457e-05	
1.16311e-05	
9.51622e-06	
7.40172e-06	
5.28689e-06	
3.17206e-06	
1.05741e-06	
2.00900e-05	
1.79752e-05	
1.58606e-05	
1.37457e-05	
1.16311e-05	
9.51625e-06	
7.40174e-06	
5.28691e-06	
3.17207e-06	
1.05742e-06	
2.00900e-05	
1.79752e-05	
1.58606e-05	
1.37458e-05	
1.16311e-05	
9.51628e-06	
7.40176e-06	
5.28692e-06	
3.17208e-06	
1.05742e-06	
2.00901e-05	
1.79753e-05	
1.58606e-05	
1.37458e-05	
1.16311e-05	
9.51630e-06	
7.40178e-06	
5.28694e-06	
3.17209e-06	
1.05742e-06	
2.00901e-05	
1.79753e-05	
1.58607e-05	
1.37458e-05	
1.16312e-05	
9.51633e-06	
7.40180e-06	
5.28695e-06	
3.17210e-06	
1.05743e-06	
2.00902e-05	
1.79754e-05	
1.58607e-05	
1.37459e-05	
1.16312e-05	
9.51635e-06	
7.40182e-06	
5.28696e-06	
3.17210e-06	
1.05743e-06	
2.00902e-05	
1.79754e-05	
1.58607e-05	
1.37459e-05	
1.16312e-05	
9.51637e-06	
7.40183e-06	
5.28697e-06	
3.17211e-06	
1.05743e-06	
2.00902e-05	
1.79754e-05	
1.58608e-05	
1.37459e-05	
1.16312e-05	
9.51638e-06	
7.40185e-06	
5.28698e-06	
3.17212e-06	
1.05743e-06	
2.00902e-05	
1.79754e-05	
1.58608e-05	
1.37459e-05	
1.16313e-05	
9.51640e-06	
7.40186e-06	
5.28699e-06	
3.17212e-06	
1.05743e-06	
2.00903e-05	
1.79755e-05	
1.58608e-05	
1.37460e-05	
1.16313e-05	
9.51642e-06	
7.40187e-06	
5.28700e-06	
3.17213e-06	
1.05744e-06	
2.00903e-05	
1.79755e-05	
1.58608e-05	
1.37460e-05	
1.16313e-05	
9.51643e-06	
7.40188e-06	
5.28701e-06	
3.17213e-06	
1.05744e-06	
2.00903e-05	
1.79755e-05	
1.58609e-05	
1.37460e-05	
1.16313e-05	
9.51644e-06	
7.40189e-06	
5.28702e-06	
3.17214e-06	
1.05744e-06	
2.00903e-05	
1.79755e-05	
1.58609e-05	
1.37460e-05	
1.16313e-05	
9.51646e-06	
7.40190e-06	
5.28702e-06	
3.17214e-06	
1.05744e-06	
2.00904e-05	
1.79756e-05	
1.58609e-05	
1.37460e-05	
1.16313e-05	
9.51647e-06	
7.40191e-06	
5.28703e-06	
3.17215e-06	
1.05744e-06	
2.00904e-05	
1.79756e-05	
1.58609e-05	
1.37460e-05	
1.16314e-05	
9.51648e-06	
7.40192e-06	
5.28704e-06	
3.17215e-06	
1.05744e-06	
2.00904e-05	
1.79756e-05	
1.58609e-05	
1.37461e-05	
1.16314e-05	
9.51649e-06	
7.40193e-06	
5.28704e-06	
3.17215e-06	
1.05744e-06	
2.00904e-05	
1.79756e-05	
1.58609e-05	
1.37461e-05	
1.16314e-05	
9.51649e-06	
7.40194e-06	
5.28705e-06	
3.17216e-06	
1.05745e-06	
2.00904e-05	
1.79756e-05	
1.58609e-05	
1.37461e-05	
1.16314e-05	
9.51650e-06	
7.40194e-06	
5.28705e-06	
3.17216e-06	
1.05745e-06	
2.00904e-05	
1.79756e-05	
1.58610e-05	
1.37461e-05	
1.16314e-05	
9.51651e-06	
7.40195e-06	
5.28705e-06	
3.17216e-06	
1.05745e-06	
2.00905e-05	
1.79756e-05	
1.58610e-05	
1.37461e-05	
1.16314e-05	
9.51652e-06	
7.40195e-06	
5.28706e-06	
3.17216e-06	
1.05745e-06	
2.00905e-05	
1.79756e-05	
1.58610e-05	
1.37461e-05	
1.16314e-05	
9.51652e-06	
7.40196e-06	
5.28706e-06	
3.17217e-06	
1.05745e-06	
2.00905e-05	
1.79757e-05	
1.58610e-05	
1.37461e-05	
1.16314e-05	
9.51653e-06	
7.40196e-06	
5.28707e-06	
3.17217e-06	
1.05745e-06	
2.00905e-05	
1.79757e-05	
1.58610e-05	
1.37461e-05	
1.16314e-05	
9.51653e-06	
7.40197e-06	
5.28707e-06	
3.17217e-06	
1.05745e-06	
2.00905e-05	
1.79757e-05	
1.58610e-05	
1.37461e-05	
1.16314e-05	
9.51654e-06	
7.40197e-06	
5.28707e-06	
3.17217e-06	
1.05745e-06	
2.00905e-05	
1.79757e-05	
1.58610e-05	
1.37461e-05	
1.16314e-05	
9.51654e-06	
7.40197e-06	
5.28707e-06	
3.17217e-06	
1.05745e-06	
2.00905e-05	
1.79757e-05	
1.58610e-05	
1.37461e-05	
1.16314e-05	
9.51655e-06	
7.40198e-06	
5.28708e-06	
3.17217e-06	
1.05745e-06	
2.00905e-05	
1.79757e-05	
1.58610e-05	
1.37462e-05	
1.16314e-05	
9.51655e-06	
7.40198e-06	
5.28708e-06	
3.17218e-06	
1.05745e-06	
2.00905e-05	
1.79757e-05	
1.58610e-05	
1.37462e-05	
1.16314e-05	
9.51656e-06	
7.40198e-06	
5.28708e-06	
3.17218e-06	
1.05745e-06	
2.00905e-05	
1.79757e-05	
1.58610e-05	
1.37462e-05	
1.16315e-05	
9.51656e-06	
7.40199e-06	
5.28708e-06	
3.17218e-06	
1.05745e-06	
2.00905e-05	
1.79757e-05	
1.58610e-05	
1.37462e-05	
1.16315e-05	
9.51656e-06	
7.40199e-06	
5.28708e-06	
3.17218e-06	
1.05745e-06	
2.00905e-05	
1.79757e-05	
1.58610e-05	
1.37462e-05	
1.16315e-05	
9.51656e-06	
7.40199e-06	
5.28709e-06	
3.17218e-06	
1.05745e-06	
2.00905e-05	
1.79757e-05	
1.58610e-05	
1.37462e-05	
1.16315e-05	
9.51657e-06	
7.40199e-06	
5.28709e-06	
3.17218e-06	
1.05745e-06	
2.00905e-05	
1.79757e-05	
1.58610e-05	
1.37462e-05	
1.16315e-05	
9.51657e-06	
7.40199e-06	
5.28709e-06	
3.17218e-06	
1.05745e-06	
2.00906e-05	
1.79757e-05	
1.58611e-05	
1.37462e-05	
1.16315e-05	
9.51657e-06	
7.40200e-06	
5.28709e-06	
3.17218e-06	
1.05745e-06	
2.00906e-05	
1.79757e-05	
1.58611e-05	
1.37462e-05	
1.16315e-05	
9.51657e-06	
7.40200e-06	
5.28709e-06	
3.17218e-06	
1.05745e-06	
2.00906e-05	
1.79757e-05	
1.58611e-05	
1.37462e-05	
1.16315e-05	
9.51658e-06	
7.40200e-06	
5.28709e-06	
3.17218e-06	
1.05745e-06	
2.00906e-05	
1.79757e-05	
1.58611e-05	
1.37462e-05	
1.16315e-05	
9.51658e-06	
7.40200e-06	
5.28709e-06	
3.17218e-06	
1.05745e-06	
2.00906e-05	
1.79757e-05	
1.58611e-05	
1.37462e-05	
1.16315e-05	
9.51658e-06	
7.40200e-06	
5.28709e-06	
3.17219e-06	
1.05745e-06	
2.00906e-05	
1.79757e-05	
1.58611e-05	
1.37462e-05	
1.16315e-05	
9.51658e-06	
7.40200e-06	
5.28710e-06	
3.17219e-06	
1.05746e-06	
2.00906e-05	
1.79757e-05	
1.58611e-05	
1.37462e-05	
1.16315e-05	
9.51658e-06	
7.40200e-06	
5.28710e-06	
3.17219e-06	
1.05746e-06	
2.00906e-05	
1.79757e-05	
1.58611e-05	
1.37462e-05	
1.16315e-05	
9.51658e-06	
7.40201e-06	
5.28710e-06	
3.17219e-06	
1.05746e-06	
2.00906e-05	
1.79757e-05	
1.58611e-05	
1.37462e-05	
1.16315e-05	
9.51658e-06	
7.40201e-06	
5.28710e-06	
3.17219e-06	
1.05746e-06	
2.00906e-05	
1.79758e-05	
1.58611e-05	
1.37462e-05	
1.16315e-05	
9.51658e-06	
7.40201e-06	
5.28710e-06	
3.17219e-06	
1.05746e-06	
2.00906e-05	
1.79758e-05	
1.58611e-05	
1.37462e-05	
1.16315e-05	
9.51659e-06	
7.40201e-06	
5.28710e-06	
3.17219e-06	
1.05746e-06	
2.00906e-05	
1.79758e-05	
1.58611e-05	
1.37462e-05	
1.16315e-05	
9.51659e-06	
7.40201e-06	
5.28710e-06	
3.17219e-06	
1.05746e-06	
2.00906e-05	
1.79758e-05	
1.58611e-05	
1.37462e-05	
1.16315e-05	
9.51659e-06	
7.40201e-06	
5.28710e-06	
3.17219e-06	
1.05746e-06	
2.00906e-05	
1.79758e-05	
1.58611e-05	
1.37462e-05	
1.16315e-05	
9.51659e-06	
7.40201e-06	
5.28710e-06	
3.17219e-06	
1.05746e-06	
2.00906e-05	
1.79758e-05	
1.58611e-05	
1.37462e-05	
1.16315e-05	
9.51659e-06	
7.40201e-06	
5.28710e-06	
3.17219e-06	
1.05746e-06	
2.00906e-05	
1.79758e-05	
1.58611e-05	
1.37462e-05	
1.16315e-05	
9.51659e-06	
7.40201e-06	
5.28710e-06	
3.17219e-06	
1.05746e-06	
2.00906e-05	
1.79758e-05	
1.58611e-05	
1.37462e-05	
1.16315e-05	
9.51659e-06	
7.40201e-06	
5.28710e-06	
3.17219e-06	
1.05746e-06	
2.00906e-05	
1.79758e-05	
1.58611e-05	
1.37462e-05	
1.16315e-05	
9.51659e-06	
7.40201e-06	
5.28710e-06	
3.17219e-06	
1.05746e-06	
2.00906e-05	
1.79758e-05	
1.58611e-05	
1.37462e-05	
1.16315e-05	
9.51659e-06	
7.40201e-06	
5.28710e-06	
3.17219e-06	
1.05746e-06	
2.00906e-05	
1.79758e-05	
1.58611e-05	
1.37462e-05	
1.16315e-05	
9.51659e-06	
7.40201e-06	
5.28710e-06	
3.17219e-06	
1.05746e-06	
2.00906e-05	
1.79758e-05	
1.58611e-05	
1.37462e-05	
1.16315e-05	
9.51659e-06	
7.40201e-06	
5.28710e-06	
3.17219e-06	
1.05746e-06	
2.00906e-05	
1.79758e-05	
1.58611e-05	
1.37462e-05	
1.16315e-05	
9.51659e-06	
7.40201e-06	
5.28710e-06	
3.17219e-06	
1.05746e-06	
2.00906e-05	
1.79758e-05	
1.58611e-05	
1.37462e-05	
1.16315e-05	
9.51659e-06	
7.40201e-06	
5.28710e-06	
3.17219e-06	
1.05746e-06	
2.00906e-05	
1.79758e-05	
1.58611e-05	
1.37462e-05	
1.16315e-05	
9.51659e-06	
7.40201e-06	
5.28710e-06	
3.17219e-06	
1.05746e-06	
2.00906e-05	
1.79758e-05	
1.58611e-05	
1.37462e-05	
1.16315e-05	
9.51659e-06	
7.40201e-06	
5.28710e-06	
3.17219e-06	
1.05746e-06	
2.00906e-05	
1.79758e-05	
1.58611e-05	
1.37462e-05	
1.16315e-05	
9.51659e-06	
7.40201e-06	
5.28710e-06	
3.17219e-06	
1.05746e-06	
2.00906e-05	
1.79758e-05	
1.58611e-05	
1.37462e-05	
1.16315e-05	
9.51659e-06	
7.40201e-06	
5.28710e-06	
3.17219e-06	
1.05746e-06	
3.52384e-09	
3.27672e-09	
2.98398e-09	
2.65658e-09	
2.29895e-09	
1.91817e-09	
1.51690e-09	
1.10125e-09	
6.64667e-10	
2.22434e-10	
2.62382e-09	
2.44212e-09	
2.22658e-09	
1.98249e-09	
1.71392e-09	
1.42726e-09	
1.12547e-09	
8.13895e-10	
4.90167e-10	
1.63797e-10	
2.21853e-09	
2.06682e-09	
1.88618e-09	
1.68015e-09	
1.45258e-09	
1.20916e-09	
9.52859e-10	
6.88491e-10	
4.14496e-10	
1.38479e-10	
1.93487e-09	
1.80423e-09	
1.64818e-09	
1.46908e-09	
1.27061e-09	
1.05788e-09	
8.33708e-10	
6.02406e-10	
3.62657e-10	
1.21157e-10	
1.72002e-09	
1.60512e-09	
1.46752e-09	
1.30884e-09	
1.13258e-09	
9.43323e-10	
7.43653e-10	
5.37477e-10	
3.23588e-10	
1.08108e-10	
1.54800e-09	
1.44546e-09	
1.32243e-09	
1.18006e-09	
1.02165e-09	
8.51314e-10	
6.71373e-10	
4.85403e-10	
2.92264e-10	
9.76486e-11	
1.40445e-09	
1.31203e-09	
1.20098e-09	
1.07219e-09	
9.28698e-10	
7.74208e-10	
6.10804e-10	
4.41771e-10	
2.66021e-10	
8.88864e-11	
1.28099e-09	
1.19712e-09	
1.09625e-09	
9.79091e-10	
8.48432e-10	
7.07600e-10	
5.58466e-10	
4.04061e-10	
2.43339e-10	
8.13133e-11	
1.17248e-09	
1.09602e-09	
1.00402e-09	
8.97038e-10	
7.77645e-10	
6.48826e-10	
5.12264e-10	
3.70759e-10	
2.23307e-10	
7.46246e-11	
1.07567e-09	
1.00575e-09	
9.21590e-10	
8.23663e-10	
7.14305e-10	
5.96203e-10	
4.70876e-10	
3.40913e-10	
2.05352e-10	
6.86288e-11	
9.88415e-10	
9.24334e-10	
8.47193e-10	
7.57397e-10	
6.57065e-10	
5.48619e-10	
4.33431e-10	
3.13898e-10	
1.89097e-10	
6.32004e-11	
9.09204e-10	
8.50391e-10	
7.79587e-10	
6.97147e-10	
6.04990e-10	
5.05302e-10	
3.99327e-10	
2.89280e-10	
1.74283e-10	
5.82525e-11	
8.36951e-10	
7.82916e-10	
7.17866e-10	
6.42115e-10	
5.57398e-10	
4.65693e-10	
3.68125e-10	
2.66747e-10	
1.60721e-10	
5.37225e-11	
7.70831e-10	
7.21149e-10	
6.61344e-10	
5.91695e-10	
5.13773e-10	
4.29364e-10	
3.39494e-10	
2.46062e-10	
1.48269e-10	
4.95630e-11	
7.10188e-10	
6.64483e-10	
6.09472e-10	
5.45404e-10	
4.73700e-10	
3.95978e-10	
3.13171e-10	
2.27035e-10	
1.36814e-10	
4.57360e-11	
6.54481e-10	
6.12418e-10	
5.61798e-10	
5.02843e-10	
4.36839e-10	
3.65253e-10	
2.88935e-10	
2.09510e-10	
1.26262e-10	
4.22105e-11	
