4.45500e-12
0.00000e+00	0.00000e+00	0.00000e+00	0.00000e+00	0.00000e+00	0.00000e+00	0.00000e+00	0.00000e+00	0.00000e+00	0.00000e+00	0.00000e+00	0.00000e+00	0.00000e+00	0.00000e+00	0.00000e+00	0.00000e+00	0.00000e+00	0.00000e+00	0.00000e+00	0.00000e+00	
4.39535e-12
2.38052e-04	2.29609e-04	2.21188e-04	2.12785e-04	2.04388e-04	1.95993e-04	1.87593e-04	1.79182e-04	1.70753e-04	1.62303e-04	1.53834e-04	1.45392e-04	1.36971e-04	1.28564e-04	1.20167e-04	1.11772e-04	1.03374e-04	9.49677e-05	8.65465e-05	7.81046e-05	
4.33571e-12
2.38055e-04	2.29612e-04	2.21191e-04	2.12787e-04	2.04391e-04	1.95996e-04	1.87595e-04	1.79184e-04	1.70756e-04	1.62305e-04	1.53837e-04	1.45394e-04	1.36973e-04	1.28566e-04	1.20168e-04	1.11774e-04	1.03376e-04	9.49692e-05	8.65478e-05	7.81058e-05	
4.27607e-12
2.38057e-04	2.29614e-04	2.21193e-04	2.12789e-04	2.04393e-04	1.95997e-04	1.87597e-04	1.79186e-04	1.70757e-04	1.62307e-04	1.53838e-04	1.45396e-04	1.36974e-04	1.28567e-04	1.20170e-04	1.11775e-04	1.03377e-04	9.49702e-05	8.65488e-05	7.81067e-05	
4.21643e-12
2.38058e-04	2.29616e-04	2.21194e-04	2.12791e-04	2.04394e-04	1.95999e-04	1.87598e-04	1.79187e-04	1.70759e-04	1.62308e-04	1.53839e-04	1.45397e-04	1.36975e-04	1.28568e-04	1.20170e-04	1.11776e-04	1.03378e-04	9.49709e-05	8.65494e-05	7.81073e-05	
4.15678e-12
2.38060e-04	2.29617e-04	2.21195e-04	2.12792e-04	2.04395e-04	1.96000e-04	1.87599e-04	1.79188e-04	1.70760e-04	1.62309e-04	1.53840e-04	1.45398e-04	1.36976e-04	1.28569e-04	1.20171e-04	1.11776e-04	1.03378e-04	9.49715e-05	8.65500e-05	7.81078e-05	
4.09714e-12
2.38060e-04	2.29618e-04	2.21196e-04	2.12793e-04	2.04396e-04	1.96001e-04	1.87600e-04	1.79189e-04	1.70760e-04	1.62310e-04	1.53841e-04	1.45398e-04	1.36977e-04	1.28570e-04	1.20172e-04	1.11777e-04	1.03379e-04	9.49719e-05	8.65504e-05	7.81082e-05	
4.03750e-12
2.38061e-04	2.29618e-04	2.21197e-04	2.12793e-04	2.04397e-04	1.96001e-04	1.87601e-04	1.79189e-04	1.70761e-04	1.62310e-04	1.53841e-04	1.45399e-04	1.36977e-04	1.28570e-04	1.20172e-04	1.11777e-04	1.03379e-04	9.49723e-05	8.65507e-05	7.81085e-05	
3.97785e-12
2.38062e-04	2.29619e-04	2.21197e-04	2.12794e-04	2.04397e-04	1.96002e-04	1.87601e-04	1.79190e-04	1.70761e-04	1.62311e-04	1.53842e-04	1.45399e-04	1.36978e-04	1.28571e-04	1.20173e-04	1.11778e-04	1.03380e-04	9.49727e-05	8.65510e-05	7.81088e-05	
3.91821e-12
2.38062e-04	2.29620e-04	2.21198e-04	2.12795e-04	2.04398e-04	1.96002e-04	1.87602e-04	1.79190e-04	1.70762e-04	1.62311e-04	1.53842e-04	1.45400e-04	1.36978e-04	1.28571e-04	1.20173e-04	1.11778e-04	1.03380e-04	9.49729e-05	8.65513e-05	7.81090e-05	
3.85857e-12
2.38063e-04	2.29620e-04	2.21198e-04	2.12795e-04	2.04398e-04	1.96003e-04	1.87602e-04	1.79191e-04	1.70762e-04	1.62311e-04	1.53843e-04	1.45400e-04	1.36978e-04	1.28571e-04	1.20173e-04	1.11778e-04	1.03380e-04	9.49732e-05	8.65515e-05	7.81093e-05	
3.79893e-12
2.38063e-04	2.29621e-04	2.21199e-04	2.12795e-04	2.04399e-04	1.96003e-04	1.87603e-04	1.79191e-04	1.70763e-04	1.62312e-04	1.53843e-04	1.45400e-04	1.36979e-04	1.28572e-04	1.20174e-04	1.11778e-04	1.03380e-04	9.49734e-05	8.65518e-05	7.81095e-05	
3.73928e-12
2.38064e-04	2.29621e-04	2.21199e-04	2.12796e-04	2.04399e-04	1.96004e-04	1.87603e-04	1.79191e-04	1.70763e-04	1.62312e-04	1.53843e-04	1.45401e-04	1.36979e-04	1.28572e-04	1.20174e-04	1.11779e-04	1.03381e-04	9.49736e-05	8.65520e-05	7.81096e-05	
3.67964e-12
2.38064e-04	2.29621e-04	2.21200e-04	2.12796e-04	2.04400e-04	1.96004e-04	1.87603e-04	1.79192e-04	1.70763e-04	1.62312e-04	1.53843e-04	1.45401e-04	1.36979e-04	1.28572e-04	1.20174e-04	1.11779e-04	1.03381e-04	9.49738e-05	8.65521e-05	7.81098e-05	
3.62000e-12
2.38065e-04	2.29622e-04	2.21200e-04	2.12797e-04	2.04400e-04	1.96004e-04	1.87604e-04	1.79192e-04	1.70764e-04	1.62313e-04	1.53844e-04	1.45401e-04	1.36979e-04	1.28572e-04	1.20174e-04	1.11779e-04	1.03381e-04	9.49740e-05	8.65523e-05	7.81099e-05	
3.56035e-12
2.38065e-04	2.29622e-04	2.21200e-04	2.12797e-04	2.04400e-04	1.96005e-04	1.87604e-04	1.79192e-04	1.70764e-04	1.62313e-04	1.53844e-04	1.45401e-04	1.36980e-04	1.28573e-04	1.20174e-04	1.11779e-04	1.03381e-04	9.49742e-05	8.65524e-05	7.81101e-05	
3.50071e-12
2.38065e-04	2.29622e-04	2.21201e-04	2.12797e-04	2.04401e-04	1.96005e-04	1.87604e-04	1.79193e-04	1.70764e-04	1.62313e-04	1.53844e-04	1.45402e-04	1.36980e-04	1.28573e-04	1.20175e-04	1.11779e-04	1.03381e-04	9.49743e-05	8.65526e-05	7.81102e-05	
3.44107e-12
2.38066e-04	2.29623e-04	2.21201e-04	2.12797e-04	2.04401e-04	1.96005e-04	1.87604e-04	1.79193e-04	1.70764e-04	1.62313e-04	1.53844e-04	1.45402e-04	1.36980e-04	1.28573e-04	1.20175e-04	1.11780e-04	1.03381e-04	9.49744e-05	8.65527e-05	7.81103e-05	
3.38142e-12
2.38066e-04	2.29623e-04	2.21201e-04	2.12798e-04	2.04401e-04	1.96005e-04	1.87605e-04	1.79193e-04	1.70765e-04	1.62314e-04	1.53845e-04	1.45402e-04	1.36980e-04	1.28573e-04	1.20175e-04	1.11780e-04	1.03382e-04	9.49746e-05	8.65528e-05	7.81104e-05	
3.32178e-12
2.38066e-04	2.29623e-04	2.21201e-04	2.12798e-04	2.04401e-04	1.96005e-04	1.87605e-04	1.79193e-04	1.70765e-04	1.62314e-04	1.53845e-04	1.45402e-04	1.36980e-04	1.28573e-04	1.20175e-04	1.11780e-04	1.03382e-04	9.49747e-05	8.65529e-05	7.81105e-05	
3.26214e-12
2.38066e-04	2.29623e-04	2.21201e-04	2.12798e-04	2.04401e-04	1.96006e-04	1.87605e-04	1.79193e-04	1.70765e-04	1.62314e-04	1.53845e-04	1.45402e-04	1.36980e-04	1.28573e-04	1.20175e-04	1.11780e-04	1.03382e-04	9.49748e-05	8.65530e-05	7.81106e-05	
3.20250e-12
2.38066e-04	2.29624e-04	2.21202e-04	2.12798e-04	2.04402e-04	1.96006e-04	1.87605e-04	1.79193e-04	1.70765e-04	1.62314e-04	1.53845e-04	1.45402e-04	1.36980e-04	1.28573e-04	1.20175e-04	1.11780e-04	1.03382e-04	9.49749e-05	8.65531e-05	7.81107e-05	
3.14285e-12
2.38067e-04	2.29624e-04	2.21202e-04	2.12798e-04	2.04402e-04	1.96006e-04	1.87605e-04	1.79194e-04	1.70765e-04	1.62314e-04	1.53845e-04	1.45402e-04	1.36981e-04	1.28574e-04	1.20175e-04	1.11780e-04	1.03382e-04	9.49750e-05	8.65532e-05	7.81108e-05	
3.08321e-12
2.38067e-04	2.29624e-04	2.21202e-04	2.12798e-04	2.04402e-04	1.96006e-04	1.87605e-04	1.79194e-04	1.70765e-04	1.62314e-04	1.53845e-04	1.45403e-04	1.36981e-04	1.28574e-04	1.20175e-04	1.11780e-04	1.03382e-04	9.49750e-05	8.65533e-05	7.81108e-05	
3.02357e-12
2.38067e-04	2.29624e-04	2.21202e-04	2.12799e-04	2.04402e-04	1.96006e-04	1.87606e-04	1.79194e-04	1.70765e-04	1.62314e-04	1.53845e-04	1.45403e-04	1.36981e-04	1.28574e-04	1.20176e-04	1.11780e-04	1.03382e-04	9.49751e-05	8.65533e-05	7.81109e-05	
2.96392e-12
2.38067e-04	2.29624e-04	2.21202e-04	2.12799e-04	2.04402e-04	1.96006e-04	1.87606e-04	1.79194e-04	1.70765e-04	1.62315e-04	1.53845e-04	1.45403e-04	1.36981e-04	1.28574e-04	1.20176e-04	1.11780e-04	1.03382e-04	9.49752e-05	8.65534e-05	7.81110e-05	
2.90428e-12
2.38067e-04	2.29624e-04	2.21202e-04	2.12799e-04	2.04402e-04	1.96006e-04	1.87606e-04	1.79194e-04	1.70766e-04	1.62315e-04	1.53846e-04	1.45403e-04	1.36981e-04	1.28574e-04	1.20176e-04	1.11780e-04	1.03382e-04	9.49753e-05	8.65534e-05	7.81110e-05	
2.84464e-12
2.38067e-04	2.29624e-04	2.21202e-04	2.12799e-04	2.04402e-04	1.96007e-04	1.87606e-04	1.79194e-04	1.70766e-04	1.62315e-04	1.53846e-04	1.45403e-04	1.36981e-04	1.28574e-04	1.20176e-04	1.11781e-04	1.03382e-04	9.49753e-05	8.65535e-05	7.81111e-05	
2.78500e-12
2.38067e-04	2.29625e-04	2.21203e-04	2.12799e-04	2.04402e-04	1.96007e-04	1.87606e-04	1.79194e-04	1.70766e-04	1.62315e-04	1.53846e-04	1.45403e-04	1.36981e-04	1.28574e-04	1.20176e-04	1.11781e-04	1.03382e-04	9.49754e-05	8.65536e-05	7.81111e-05	
2.72535e-12
2.38067e-04	2.29625e-04	2.21203e-04	2.12799e-04	2.04403e-04	1.96007e-04	1.87606e-04	1.79194e-04	1.70766e-04	1.62315e-04	1.53846e-04	1.45403e-04	1.36981e-04	1.28574e-04	1.20176e-04	1.11781e-04	1.03382e-04	9.49754e-05	8.65536e-05	7.81111e-05	
2.66571e-12
2.38068e-04	2.29625e-04	2.21203e-04	2.12799e-04	2.04403e-04	1.96007e-04	1.87606e-04	1.79194e-04	1.70766e-04	1.62315e-04	1.53846e-04	1.45403e-04	1.36981e-04	1.28574e-04	1.20176e-04	1.11781e-04	1.03382e-04	9.49755e-05	8.65536e-05	7.81112e-05	
2.60607e-12
2.38068e-04	2.29625e-04	2.21203e-04	2.12799e-04	2.04403e-04	1.96007e-04	1.87606e-04	1.79195e-04	1.70766e-04	1.62315e-04	1.53846e-04	1.45403e-04	1.36981e-04	1.28574e-04	1.20176e-04	1.11781e-04	1.03383e-04	9.49755e-05	8.65537e-05	7.81112e-05	
2.54642e-12
2.38068e-04	2.29625e-04	2.21203e-04	2.12799e-04	2.04403e-04	1.96007e-04	1.87606e-04	1.79195e-04	1.70766e-04	1.62315e-04	1.53846e-04	1.45403e-04	1.36981e-04	1.28574e-04	1.20176e-04	1.11781e-04	1.03383e-04	9.49755e-05	8.65537e-05	7.81113e-05	
2.48678e-12
2.38068e-04	2.29625e-04	2.21203e-04	2.12799e-04	2.04403e-04	1.96007e-04	1.87606e-04	1.79195e-04	1.70766e-04	1.62315e-04	1.53846e-04	1.45403e-04	1.36981e-04	1.28574e-04	1.20176e-04	1.11781e-04	1.03383e-04	9.49756e-05	8.65537e-05	7.81113e-05	
2.42714e-12
2.38068e-04	2.29625e-04	2.21203e-04	2.12800e-04	2.04403e-04	1.96007e-04	1.87606e-04	1.79195e-04	1.70766e-04	1.62315e-04	1.53846e-04	1.45403e-04	1.36981e-04	1.28574e-04	1.20176e-04	1.11781e-04	1.03383e-04	9.49756e-05	8.65538e-05	7.81113e-05	
2.36750e-12
2.38068e-04	2.29625e-04	2.21203e-04	2.12800e-04	2.04403e-04	1.96007e-04	1.87606e-04	1.79195e-04	1.70766e-04	1.62315e-04	1.53846e-04	1.45403e-04	1.36982e-04	1.28574e-04	1.20176e-04	1.11781e-04	1.03383e-04	9.49756e-05	8.65538e-05	7.81113e-05	
2.30785e-12
2.38068e-04	2.29625e-04	2.21203e-04	2.12800e-04	2.04403e-04	1.96007e-04	1.87606e-04	1.79195e-04	1.70766e-04	1.62315e-04	1.53846e-04	1.45403e-04	1.36982e-04	1.28574e-04	1.20176e-04	1.11781e-04	1.03383e-04	9.49757e-05	8.65538e-05	7.81114e-05	
2.24821e-12
2.38068e-04	2.29625e-04	2.21203e-04	2.12800e-04	2.04403e-04	1.96007e-04	1.87606e-04	1.79195e-04	1.70766e-04	1.62315e-04	1.53846e-04	1.45403e-04	1.36982e-04	1.28574e-04	1.20176e-04	1.11781e-04	1.03383e-04	9.49757e-05	8.65539e-05	7.81114e-05	
2.18857e-12
2.38068e-04	2.29625e-04	2.21203e-04	2.12800e-04	2.04403e-04	1.96007e-04	1.87607e-04	1.79195e-04	1.70766e-04	1.62315e-04	1.53846e-04	1.45403e-04	1.36982e-04	1.28575e-04	1.20176e-04	1.11781e-04	1.03383e-04	9.49757e-05	8.65539e-05	7.81114e-05	
2.12892e-12
2.38068e-04	2.29625e-04	2.21203e-04	2.12800e-04	2.04403e-04	1.96007e-04	1.87607e-04	1.79195e-04	1.70766e-04	1.62315e-04	1.53846e-04	1.45404e-04	1.36982e-04	1.28575e-04	1.20176e-04	1.11781e-04	1.03383e-04	9.49757e-05	8.65539e-05	7.81114e-05	
2.06928e-12
2.38068e-04	2.29625e-04	2.21203e-04	2.12800e-04	2.04403e-04	1.96007e-04	1.87607e-04	1.79195e-04	1.70766e-04	1.62315e-04	1.53846e-04	1.45404e-04	1.36982e-04	1.28575e-04	1.20176e-04	1.11781e-04	1.03383e-04	9.49758e-05	8.65539e-05	7.81114e-05	
2.00964e-12
2.38068e-04	2.29625e-04	2.21203e-04	2.12800e-04	2.04403e-04	1.96007e-04	1.87607e-04	1.79195e-04	1.70766e-04	1.62315e-04	1.53846e-04	1.45404e-04	1.36982e-04	1.28575e-04	1.20176e-04	1.11781e-04	1.03383e-04	9.49758e-05	8.65539e-05	7.81115e-05	
1.95000e-12
2.38068e-04	2.29625e-04	2.21203e-04	2.12800e-04	2.04403e-04	1.96007e-04	1.87607e-04	1.79195e-04	1.70766e-04	1.62315e-04	1.53846e-04	1.45404e-04	1.36982e-04	1.28575e-04	1.20176e-04	1.11781e-04	1.03383e-04	9.49758e-05	8.65539e-05	7.81115e-05	
1.89035e-12
2.38068e-04	2.29625e-04	2.21203e-04	2.12800e-04	2.04403e-04	1.96007e-04	1.87607e-04	1.79195e-04	1.70766e-04	1.62315e-04	1.53846e-04	1.45404e-04	1.36982e-04	1.28575e-04	1.20176e-04	1.11781e-04	1.03383e-04	9.49758e-05	8.65540e-05	7.81115e-05	
1.83071e-12
2.38068e-04	2.29625e-04	2.21203e-04	2.12800e-04	2.04403e-04	1.96007e-04	1.87607e-04	1.79195e-04	1.70766e-04	1.62315e-04	1.53846e-04	1.45404e-04	1.36982e-04	1.28575e-04	1.20176e-04	1.11781e-04	1.03383e-04	9.49758e-05	8.65540e-05	7.81115e-05	
1.77107e-12
2.38068e-04	2.29625e-04	2.21203e-04	2.12800e-04	2.04403e-04	1.96007e-04	1.87607e-04	1.79195e-04	1.70767e-04	1.62316e-04	1.53846e-04	1.45404e-04	1.36982e-04	1.28575e-04	1.20176e-04	1.11781e-04	1.03383e-04	9.49758e-05	8.65540e-05	7.81115e-05	
1.71142e-12
2.38068e-04	2.29625e-04	2.21203e-04	2.12800e-04	2.04403e-04	1.96008e-04	1.87607e-04	1.79195e-04	1.70767e-04	1.62316e-04	1.53846e-04	1.45404e-04	1.36982e-04	1.28575e-04	1.20176e-04	1.11781e-04	1.03383e-04	9.49758e-05	8.65540e-05	7.81115e-05	
1.65178e-12
2.38068e-04	2.29625e-04	2.21203e-04	2.12800e-04	2.04403e-04	1.96008e-04	1.87607e-04	1.79195e-04	1.70767e-04	1.62316e-04	1.53846e-04	1.45404e-04	1.36982e-04	1.28575e-04	1.20176e-04	1.11781e-04	1.03383e-04	9.49759e-05	8.65540e-05	7.81115e-05	
1.59214e-12
2.38068e-04	2.29626e-04	2.21204e-04	2.12800e-04	2.04403e-04	1.96008e-04	1.87607e-04	1.79195e-04	1.70767e-04	1.62316e-04	1.53846e-04	1.45404e-04	1.36982e-04	1.28575e-04	1.20176e-04	1.11781e-04	1.03383e-04	9.49759e-05	8.65540e-05	7.81115e-05	
1.53249e-12
2.38068e-04	2.29626e-04	2.21204e-04	2.12800e-04	2.04403e-04	1.96008e-04	1.87607e-04	1.79195e-04	1.70767e-04	1.62316e-04	1.53846e-04	1.45404e-04	1.36982e-04	1.28575e-04	1.20176e-04	1.11781e-04	1.03383e-04	9.49759e-05	8.65540e-05	7.81115e-05	
1.47285e-12
2.38068e-04	2.29626e-04	2.21204e-04	2.12800e-04	2.04403e-04	1.96008e-04	1.87607e-04	1.79195e-04	1.70767e-04	1.62316e-04	1.53846e-04	1.45404e-04	1.36982e-04	1.28575e-04	1.20176e-04	1.11781e-04	1.03383e-04	9.49759e-05	8.65540e-05	7.81116e-05	
1.41321e-12
2.38068e-04	2.29626e-04	2.21204e-04	2.12800e-04	2.04403e-04	1.96008e-04	1.87607e-04	1.79195e-04	1.70767e-04	1.62316e-04	1.53846e-04	1.45404e-04	1.36982e-04	1.28575e-04	1.20176e-04	1.11781e-04	1.03383e-04	9.49759e-05	8.65540e-05	7.81116e-05	
1.35357e-12
2.38068e-04	2.29626e-04	2.21204e-04	2.12800e-04	2.04403e-04	1.96008e-04	1.87607e-04	1.79195e-04	1.70767e-04	1.62316e-04	1.53846e-04	1.45404e-04	1.36982e-04	1.28575e-04	1.20176e-04	1.11781e-04	1.03383e-04	9.49759e-05	8.65541e-05	7.81116e-05	
1.29392e-12
2.38068e-04	2.29626e-04	2.21204e-04	2.12800e-04	2.04403e-04	1.96008e-04	1.87607e-04	1.79195e-04	1.70767e-04	1.62316e-04	1.53846e-04	1.45404e-04	1.36982e-04	1.28575e-04	1.20177e-04	1.11781e-04	1.03383e-04	9.49759e-05	8.65541e-05	7.81116e-05	
1.23428e-12
2.38068e-04	2.29626e-04	2.21204e-04	2.12800e-04	2.04403e-04	1.96008e-04	1.87607e-04	1.79195e-04	1.70767e-04	1.62316e-04	1.53846e-04	1.45404e-04	1.36982e-04	1.28575e-04	1.20177e-04	1.11781e-04	1.03383e-04	9.49759e-05	8.65541e-05	7.81116e-05	
1.17464e-12
2.38068e-04	2.29626e-04	2.21204e-04	2.12800e-04	2.04403e-04	1.96008e-04	1.87607e-04	1.79195e-04	1.70767e-04	1.62316e-04	1.53846e-04	1.45404e-04	1.36982e-04	1.28575e-04	1.20177e-04	1.11781e-04	1.03383e-04	9.49759e-05	8.65541e-05	7.81116e-05	
1.11499e-12
2.38069e-04	2.29626e-04	2.21204e-04	2.12800e-04	2.04403e-04	1.96008e-04	1.87607e-04	1.79195e-04	1.70767e-04	1.62316e-04	1.53846e-04	1.45404e-04	1.36982e-04	1.28575e-04	1.20177e-04	1.11781e-04	1.03383e-04	9.49759e-05	8.65541e-05	7.81116e-05	
1.05535e-12
2.38069e-04	2.29626e-04	2.21204e-04	2.12800e-04	2.04403e-04	1.96008e-04	1.87607e-04	1.79195e-04	1.70767e-04	1.62316e-04	1.53847e-04	1.45404e-04	1.36982e-04	1.28575e-04	1.20177e-04	1.11781e-04	1.03383e-04	9.49759e-05	8.65541e-05	7.81116e-05	
9.95709e-13
2.38069e-04	2.29626e-04	2.21204e-04	2.12800e-04	2.04403e-04	1.96008e-04	1.87607e-04	1.79195e-04	1.70767e-04	1.62316e-04	1.53847e-04	1.45404e-04	1.36982e-04	1.28575e-04	1.20177e-04	1.11781e-04	1.03383e-04	9.49759e-05	8.65541e-05	7.81116e-05	
9.36066e-13
2.38069e-04	2.29626e-04	2.21204e-04	2.12800e-04	2.04403e-04	1.96008e-04	1.87607e-04	1.79195e-04	1.70767e-04	1.62316e-04	1.53847e-04	1.45404e-04	1.36982e-04	1.28575e-04	1.20177e-04	1.11781e-04	1.03383e-04	9.49759e-05	8.65541e-05	7.81116e-05	
8.76423e-13
2.38069e-04	2.29626e-04	2.21204e-04	2.12800e-04	2.04403e-04	1.96008e-04	1.87607e-04	1.79195e-04	1.70767e-04	1.62316e-04	1.53847e-04	1.45404e-04	1.36982e-04	1.28575e-04	1.20177e-04	1.11781e-04	1.03383e-04	9.49759e-05	8.65541e-05	7.81116e-05	
8.16780e-13
2.38069e-04	2.29626e-04	2.21204e-04	2.12800e-04	2.04403e-04	1.96008e-04	1.87607e-04	1.79195e-04	1.70767e-04	1.62316e-04	1.53847e-04	1.45404e-04	1.36982e-04	1.28575e-04	1.20177e-04	1.11781e-04	1.03383e-04	9.49759e-05	8.65541e-05	7.81116e-05	
7.57137e-13
2.38069e-04	2.29626e-04	2.21204e-04	2.12800e-04	2.04403e-04	1.96008e-04	1.87607e-04	1.79195e-04	1.70767e-04	1.62316e-04	1.53847e-04	1.45404e-04	1.36982e-04	1.28575e-04	1.20177e-04	1.11781e-04	1.03383e-04	9.49759e-05	8.65541e-05	7.81116e-05	
6.97494e-13
2.38069e-04	2.29626e-04	2.21204e-04	2.12800e-04	2.04403e-04	1.96008e-04	1.87607e-04	1.79195e-04	1.70767e-04	1.62316e-04	1.53847e-04	1.45404e-04	1.36982e-04	1.28575e-04	1.20177e-04	1.11781e-04	1.03383e-04	9.49760e-05	8.65541e-05	7.81116e-05	
6.37852e-13
2.38069e-04	2.29626e-04	2.21204e-04	2.12800e-04	2.04403e-04	1.96008e-04	1.87607e-04	1.79195e-04	1.70767e-04	1.62316e-04	1.53847e-04	1.45404e-04	1.36982e-04	1.28575e-04	1.20177e-04	1.11781e-04	1.03383e-04	9.49760e-05	8.65541e-05	7.81116e-05	
5.78209e-13
2.38069e-04	2.29626e-04	2.21204e-04	2.12800e-04	2.04404e-04	1.96008e-04	1.87607e-04	1.79195e-04	1.70767e-04	1.62316e-04	1.53847e-04	1.45404e-04	1.36982e-04	1.28575e-04	1.20177e-04	1.11781e-04	1.03383e-04	9.49760e-05	8.65541e-05	7.81116e-05	
5.18566e-13
2.38069e-04	2.29626e-04	2.21204e-04	2.12800e-04	2.04404e-04	1.96008e-04	1.87607e-04	1.79195e-04	1.70767e-04	1.62316e-04	1.53847e-04	1.45404e-04	1.36982e-04	1.28575e-04	1.20177e-04	1.11781e-04	1.03383e-04	9.49760e-05	8.65541e-05	7.81116e-05	
4.58923e-13
2.38069e-04	2.29626e-04	2.21204e-04	2.12800e-04	2.04404e-04	1.96008e-04	1.87607e-04	1.79195e-04	1.70767e-04	1.62316e-04	1.53847e-04	1.45404e-04	1.36982e-04	1.28575e-04	1.20177e-04	1.11781e-04	1.03383e-04	9.49760e-05	8.65541e-05	7.81116e-05	
3.99280e-13
2.38069e-04	2.29626e-04	2.21204e-04	2.12800e-04	2.04404e-04	1.96008e-04	1.87607e-04	1.79195e-04	1.70767e-04	1.62316e-04	1.53847e-04	1.45404e-04	1.36982e-04	1.28575e-04	1.20177e-04	1.11781e-04	1.03383e-04	9.49760e-05	8.65541e-05	7.81116e-05	
3.39637e-13
2.38069e-04	2.29626e-04	2.21204e-04	2.12800e-04	2.04404e-04	1.96008e-04	1.87607e-04	1.79195e-04	1.70767e-04	1.62316e-04	1.53847e-04	1.45404e-04	1.36982e-04	1.28575e-04	1.20177e-04	1.11781e-04	1.03383e-04	9.49760e-05	8.65541e-05	7.81116e-05	
2.79994e-13
2.38069e-04	2.29626e-04	2.21204e-04	2.12800e-04	2.04404e-04	1.96008e-04	1.87607e-04	1.79195e-04	1.70767e-04	1.62316e-04	1.53847e-04	1.45404e-04	1.36982e-04	1.28575e-04	1.20177e-04	1.11781e-04	1.03383e-04	9.49760e-05	8.65541e-05	7.81116e-05	
2.20351e-13
2.38069e-04	2.29626e-04	2.21204e-04	2.12800e-04	2.04404e-04	1.96008e-04	1.87607e-04	1.79195e-04	1.70767e-04	1.62316e-04	1.53847e-04	1.45404e-04	1.36982e-04	1.28575e-04	1.20177e-04	1.11781e-04	1.03383e-04	9.49760e-05	8.65541e-05	7.81116e-05	
1.60708e-13
2.38069e-04	2.29626e-04	2.21204e-04	2.12800e-04	2.04404e-04	1.96008e-04	1.87607e-04	1.79195e-04	1.70767e-04	1.62316e-04	1.53847e-04	1.45404e-04	1.36982e-04	1.28575e-04	1.20177e-04	1.11781e-04	1.03383e-04	9.49760e-05	8.65541e-05	7.81116e-05	
1.01065e-13
2.38069e-04	2.29626e-04	2.21204e-04	2.12800e-04	2.04404e-04	1.96008e-04	1.87607e-04	1.79195e-04	1.70767e-04	1.62316e-04	1.53847e-04	1.45404e-04	1.36982e-04	1.28575e-04	1.20177e-04	1.11781e-04	1.03383e-04	9.49760e-05	8.65541e-05	7.81116e-05	
4.14225e-14
2.38069e-04	2.29626e-04	2.21204e-04	2.12800e-04	2.04404e-04	1.96008e-04	1.87607e-04	1.79195e-04	1.70767e-04	1.62316e-04	1.53847e-04	1.45404e-04	1.36982e-04	1.28575e-04	1.20177e-04	1.11781e-04	1.03383e-04	9.49760e-05	8.65541e-05	7.81116e-05	
-1.00570e-21
2.12526e-08	2.07806e-08	2.02807e-08	1.97584e-08	1.92138e-08	1.86476e-08	1.80602e-08	1.74520e-08	1.68236e-08	1.61752e-08	1.55082e-08	1.48269e-08	1.41322e-08	1.34243e-08	1.27037e-08	1.19710e-08	1.12264e-08	1.04703e-08	9.70306e-09	8.92508e-09	
-1.00570e-21
1.57424e-08	1.53977e-08	1.50318e-08	1.46486e-08	1.42485e-08	1.38318e-08	1.33989e-08	1.29503e-08	1.24862e-08	1.20070e-08	1.15135e-08	1.10093e-08	1.04947e-08	9.97018e-09	9.43603e-09	8.89260e-09	8.34023e-09	7.77922e-09	7.20984e-09	6.63240e-09	
-1.00570e-21
1.31233e-08	1.28314e-08	1.25223e-08	1.21995e-08	1.18631e-08	1.15135e-08	1.11510e-08	1.07759e-08	1.03884e-08	9.98885e-09	9.57790e-09	9.15842e-09	8.73075e-09	8.29519e-09	7.85203e-09	7.40154e-09	6.94396e-09	6.47953e-09	6.00848e-09	5.53104e-09	
-1.00570e-21
1.12940e-08	1.10390e-08	1.07697e-08	1.04891e-08	1.01974e-08	9.89469e-09	9.58136e-09	9.25762e-09	8.92367e-09	8.57971e-09	8.22637e-09	7.86606e-09	7.49907e-09	7.12564e-09	6.74600e-09	6.36036e-09	5.96893e-09	5.57190e-09	5.16945e-09	4.76177e-09	
-1.00570e-21
9.92981e-09	9.70284e-09	9.46365e-09	9.21488e-09	8.95666e-09	8.68922e-09	8.41275e-09	8.12744e-09	7.83346e-09	7.53100e-09	7.22057e-09	6.90430e-09	6.58242e-09	6.25512e-09	5.92261e-09	5.58507e-09	5.24265e-09	4.89554e-09	4.54387e-09	4.18781e-09	
-1.00570e-21
8.85758e-09	8.65320e-09	8.43816e-09	8.21485e-09	7.98336e-09	7.74388e-09	7.49659e-09	7.24165e-09	6.97918e-09	6.70935e-09	6.43263e-09	6.15088e-09	5.86430e-09	5.57308e-09	5.27738e-09	4.97734e-09	4.67313e-09	4.36487e-09	4.05271e-09	3.73678e-09	
-1.00570e-21
7.97865e-09	7.79327e-09	7.59848e-09	7.39641e-09	7.18716e-09	6.97087e-09	6.74770e-09	6.51778e-09	6.28124e-09	6.03820e-09	5.78908e-09	5.53556e-09	5.27781e-09	5.01600e-09	4.75026e-09	4.48073e-09	4.20755e-09	3.93084e-09	3.65071e-09	3.36730e-09	
-1.00570e-21
7.23450e-09	7.06561e-09	6.88830e-09	6.70452e-09	6.51434e-09	6.31789e-09	6.11531e-09	5.90670e-09	5.69217e-09	5.47184e-09	5.24608e-09	5.01641e-09	4.78299e-09	4.54595e-09	4.30543e-09	4.06155e-09	3.81442e-09	3.56417e-09	3.31090e-09	3.05472e-09	
-1.00570e-21
6.58920e-09	6.43489e-09	6.27301e-09	6.10531e-09	5.93186e-09	5.75277e-09	5.56814e-09	5.37809e-09	5.18271e-09	4.98210e-09	4.77659e-09	4.56757e-09	4.35517e-09	4.13953e-09	3.92077e-09	3.69898e-09	3.47430e-09	3.24681e-09	3.01662e-09	2.78384e-09	
-1.00570e-21
6.01990e-09	5.87866e-09	5.73056e-09	5.57720e-09	5.41864e-09	5.25496e-09	5.08627e-09	4.91266e-09	4.73420e-09	4.55100e-09	4.36335e-09	4.17251e-09	3.97863e-09	3.78180e-09	3.58214e-09	3.37976e-09	3.17475e-09	2.96722e-09	2.75726e-09	2.54496e-09	
-1.00570e-21
5.51148e-09	5.38205e-09	5.24638e-09	5.10594e-09	4.96075e-09	4.81091e-09	4.65650e-09	4.49761e-09	4.33429e-09	4.16664e-09	3.99494e-09	3.82033e-09	3.64293e-09	3.46286e-09	3.28021e-09	3.09509e-09	2.90757e-09	2.71777e-09	2.52576e-09	2.33165e-09	
-1.00570e-21
5.05354e-09	4.93483e-09	4.81044e-09	4.68169e-09	4.54861e-09	4.41128e-09	4.26977e-09	4.12415e-09	3.97449e-09	3.82085e-09	3.66350e-09	3.50349e-09	3.34093e-09	3.17592e-09	3.00855e-09	2.83891e-09	2.66710e-09	2.49320e-09	2.31730e-09	2.13949e-09	
-1.00570e-21
4.63858e-09	4.52965e-09	4.41552e-09	4.29741e-09	4.17534e-09	4.04937e-09	3.91956e-09	3.78599e-09	3.64870e-09	3.50776e-09	3.36341e-09	3.21662e-09	3.06748e-09	2.91609e-09	2.76253e-09	2.60690e-09	2.44928e-09	2.28975e-09	2.12839e-09	1.96530e-09	
-1.00570e-21
4.26100e-09	4.16100e-09	4.05624e-09	3.94784e-09	3.83580e-09	3.72018e-09	3.60104e-09	3.47842e-09	3.35240e-09	3.22301e-09	3.09048e-09	2.95570e-09	2.81877e-09	2.67975e-09	2.53875e-09	2.39584e-09	2.25110e-09	2.10461e-09	1.95645e-09	1.80671e-09	
-1.00570e-21
3.91643e-09	3.82459e-09	3.72840e-09	3.62886e-09	3.52598e-09	3.41982e-09	3.31041e-09	3.19780e-09	3.08205e-09	2.96321e-09	2.84146e-09	2.71764e-09	2.59182e-09	2.46410e-09	2.33453e-09	2.20321e-09	2.07021e-09	1.93560e-09	1.79946e-09	1.66188e-09	
-1.00570e-21
3.60130e-09	3.51694e-09	3.42859e-09	3.33717e-09	3.24267e-09	3.14515e-09	3.04464e-09	2.94119e-09	2.83483e-09	2.72562e-09	2.61373e-09	2.49992e-09	2.38427e-09	2.26685e-09	2.14774e-09	2.02700e-09	1.90472e-09	1.78097e-09	1.65581e-09	1.52932e-09	
