0.00000e+00	
3.16896e-05	
3.16902e-05	
3.16906e-05	
3.16909e-05	
3.16912e-05	
3.16914e-05	
3.16915e-05	
3.16917e-05	
3.16918e-05	
3.16919e-05	
3.16920e-05	
3.16921e-05	
3.16922e-05	
3.16923e-05	
3.16923e-05	
3.16924e-05	
3.16925e-05	
3.16925e-05	
3.16926e-05	
3.16926e-05	
3.16927e-05	
3.16927e-05	
3.16928e-05	
3.16928e-05	
3.16928e-05	
3.16929e-05	
3.16929e-05	
3.16929e-05	
3.16929e-05	
3.16929e-05	
3.16930e-05	
3.16930e-05	
3.16930e-05	
3.16930e-05	
3.16930e-05	
3.16930e-05	
3.16931e-05	
3.16931e-05	
3.16931e-05	
3.16931e-05	
3.16931e-05	
3.16931e-05	
3.16931e-05	
3.16931e-05	
3.16931e-05	
3.16931e-05	
3.16931e-05	
3.16931e-05	
3.16931e-05	
3.16931e-05	
3.16932e-05	
3.16932e-05	
3.16932e-05	
3.16932e-05	
3.16932e-05	
3.16932e-05	
3.16932e-05	
3.16932e-05	
3.16932e-05	
3.16932e-05	
3.16932e-05	
3.16932e-05	
3.16932e-05	
3.16932e-05	
3.16932e-05	
3.16932e-05	
3.16932e-05	
3.16932e-05	
3.16932e-05	
3.16932e-05	
3.16932e-05	
3.16932e-05	
3.16932e-05	
3.16932e-05	
4.60481e-09	
3.42563e-09	
2.88108e-09	
2.50027e-09	
2.21359e-09	
1.98576e-09	
1.79702e-09	
1.63573e-09	
1.49475e-09	
1.36953e-09	
1.25706e-09	
1.15526e-09	
1.06262e-09	
9.78003e-10	
9.00522e-10	
8.29445e-10	
