0.00000e+00	
0.00000e+00	
0.00000e+00	
0.00000e+00	
0.00000e+00	
0.00000e+00	
0.00000e+00	
0.00000e+00	
0.00000e+00	
0.00000e+00	
2.70798e-04	
2.42271e-04	
2.13754e-04	
1.85240e-04	
1.56733e-04	
1.28229e-04	
9.97325e-05	
7.12346e-05	
4.27390e-05	
1.42470e-05	
3.10391e-04	
2.77714e-04	
2.45040e-04	
2.12365e-04	
1.79693e-04	
1.47019e-04	
1.14351e-04	
8.16777e-05	
4.90053e-05	
1.63360e-05	
3.14536e-04	
2.81424e-04	
2.48316e-04	
2.15205e-04	
1.82097e-04	
1.48986e-04	
1.15881e-04	
8.27712e-05	
4.96615e-05	
1.65548e-05	
3.14983e-04	
2.81824e-04	
2.48669e-04	
2.15511e-04	
1.82356e-04	
1.49199e-04	
1.16046e-04	
8.28892e-05	
4.97323e-05	
1.65784e-05	
3.15040e-04	
2.81875e-04	
2.48714e-04	
2.15550e-04	
1.82389e-04	
1.49226e-04	
1.16067e-04	
8.29043e-05	
4.97414e-05	
1.65814e-05	
3.15053e-04	
2.81888e-04	
2.48725e-04	
2.15560e-04	
1.82397e-04	
1.49232e-04	
1.16073e-04	
8.29080e-05	
4.97436e-05	
1.65821e-05	
3.15061e-04	
2.81894e-04	
2.48731e-04	
2.15565e-04	
1.82402e-04	
1.49236e-04	
1.16076e-04	
8.29101e-05	
4.97449e-05	
1.65826e-05	
3.15067e-04	
2.81900e-04	
2.48736e-04	
2.15569e-04	
1.82405e-04	
1.49239e-04	
1.16078e-04	
8.29117e-05	
4.97459e-05	
1.65829e-05	
3.15072e-04	
2.81904e-04	
2.48740e-04	
2.15572e-04	
1.82408e-04	
1.49241e-04	
1.16080e-04	
8.29131e-05	
4.97467e-05	
1.65832e-05	
3.15076e-04	
2.81908e-04	
2.48743e-04	
2.15575e-04	
1.82411e-04	
1.49243e-04	
1.16081e-04	
8.29143e-05	
4.97474e-05	
1.65834e-05	
3.15080e-04	
2.81912e-04	
2.48746e-04	
2.15578e-04	
1.82413e-04	
1.49245e-04	
1.16083e-04	
8.29154e-05	
4.97481e-05	
1.65836e-05	
3.15084e-04	
2.81915e-04	
2.48749e-04	
2.15581e-04	
1.82415e-04	
1.49247e-04	
1.16084e-04	
8.29165e-05	
4.97487e-05	
1.65838e-05	
3.15088e-04	
2.81918e-04	
2.48752e-04	
2.15583e-04	
1.82418e-04	
1.49249e-04	
1.16086e-04	
8.29174e-05	
4.97493e-05	
1.65840e-05	
3.15091e-04	
2.81922e-04	
2.48755e-04	
2.15586e-04	
1.82420e-04	
1.49251e-04	
1.16087e-04	
8.29184e-05	
4.97499e-05	
1.65842e-05	
3.15094e-04	
2.81924e-04	
2.48758e-04	
2.15588e-04	
1.82421e-04	
1.49252e-04	
1.16088e-04	
8.29193e-05	
4.97504e-05	
1.65844e-05	
3.15097e-04	
2.81927e-04	
2.48760e-04	
2.15590e-04	
1.82423e-04	
1.49254e-04	
1.16089e-04	
8.29201e-05	
4.97509e-05	
1.65846e-05	
3.15100e-04	
2.81930e-04	
2.48762e-04	
2.15592e-04	
1.82425e-04	
1.49255e-04	
1.16091e-04	
8.29209e-05	
4.97514e-05	
1.65847e-05	
3.15103e-04	
2.81932e-04	
2.48765e-04	
2.15594e-04	
1.82427e-04	
1.49257e-04	
1.16092e-04	
8.29217e-05	
4.97519e-05	
1.65849e-05	
3.14021e-04	
2.80980e-04	
2.47936e-04	
2.14885e-04	
1.81833e-04	
1.48775e-04	
1.15720e-04	
8.26578e-05	
4.95941e-05	
1.65324e-05	
5.57833e-05	
4.99317e-05	
4.40737e-05	
3.82091e-05	
3.23399e-05	
2.64658e-05	
2.05890e-05	
1.47084e-05	
8.82569e-06	
2.94221e-06	
8.86810e-06	
7.93845e-06	
7.00752e-06	
6.07545e-06	
5.14252e-06	
4.20871e-06	
3.27436e-06	
2.33931e-06	
1.40373e-06	
4.67970e-07	
1.48678e-06	
1.33143e-06	
1.17565e-06	
1.01958e-06	
8.63270e-07	
7.06725e-07	
5.49994e-07	
3.93066e-07	
2.35898e-07	
7.86502e-08	
3.14134e-07	
2.81727e-07	
2.49064e-07	
2.16252e-07	
1.83305e-07	
1.50236e-07	
1.17049e-07	
8.37559e-08	
5.02914e-08	
1.67732e-08	
1.20640e-07	
1.08475e-07	
9.61018e-08	
8.36099e-08	
7.10073e-08	
5.83082e-08	
4.55117e-08	
3.26314e-08	
1.96086e-08	
6.54310e-09	
8.37599e-08	
7.54202e-08	
6.68949e-08	
5.82618e-08	
4.95280e-08	
4.07084e-08	
3.18019e-08	
2.28218e-08	
1.37177e-08	
4.57821e-09	
7.32568e-08	
6.59847e-08	
5.85416e-08	
5.09974e-08	
4.33592e-08	
3.56424e-08	
2.78461e-08	
1.99830e-08	
1.20108e-08	
4.00835e-09	
6.79963e-08	
6.12484e-08	
5.43402e-08	
4.73362e-08	
4.02436e-08	
3.30780e-08	
2.58388e-08	
1.85386e-08	
1.11411e-08	
3.71783e-09	
6.42600e-08	
5.78811e-08	
5.13503e-08	
4.47282e-08	
3.80219e-08	
3.12474e-08	
2.44043e-08	
1.75050e-08	
1.05187e-08	
3.50983e-09	
6.12214e-08	
5.51418e-08	
4.89171e-08	
4.26050e-08	
3.62127e-08	
2.97561e-08	
2.32353e-08	
1.66625e-08	
1.00112e-08	
3.34027e-09	
5.86049e-08	
5.27828e-08	
4.68215e-08	
4.07764e-08	
3.46545e-08	
2.84716e-08	
2.22283e-08	
1.59367e-08	
9.57424e-09	
3.19427e-09	
5.62772e-08	
5.06843e-08	
4.49576e-08	
3.91500e-08	
3.32688e-08	
2.73294e-08	
2.13330e-08	
1.52917e-08	
9.18593e-09	
3.06456e-09	
5.41615e-08	
4.87771e-08	
4.32638e-08	
3.76724e-08	
3.20100e-08	
2.62920e-08	
2.05201e-08	
1.47063e-08	
8.83359e-09	
2.94688e-09	
5.22100e-08	
4.70184e-08	
4.17022e-08	
3.63103e-08	
3.08499e-08	
2.53362e-08	
1.97714e-08	
1.41673e-08	
8.50929e-09	
2.83857e-09	
5.03922e-08	
4.53803e-08	
4.02481e-08	
3.50423e-08	
2.97702e-08	
2.44469e-08	
1.90749e-08	
1.36662e-08	
8.20783e-09	
2.73792e-09	
4.86874e-08	
4.38445e-08	
3.88849e-08	
3.38540e-08	
2.87585e-08	
2.36137e-08	
1.84227e-08	
1.31972e-08	
7.92572e-09	
2.64373e-09	
4.70814e-08	
4.23978e-08	
3.76013e-08	
3.27351e-08	
2.78062e-08	
2.28297e-08	
1.78092e-08	
1.27561e-08	
7.66049e-09	
2.55519e-09	
4.55637e-08	
4.10311e-08	
3.63887e-08	
3.16784e-08	
2.69070e-08	
2.20896e-08	
1.72301e-08	
1.23400e-08	
7.41032e-09	
2.47168e-09	
4.41265e-08	
3.97368e-08	
3.52407e-08	
3.06782e-08	
2.60560e-08	
2.13893e-08	
1.66824e-08	
1.19465e-08	
7.17379e-09	
2.39273e-09	
4.27632e-08	
3.85094e-08	
3.41522e-08	
2.97299e-08	
2.52494e-08	
2.07257e-08	
1.61634e-08	
1.15739e-08	
6.94979e-09	
2.31797e-09	
4.14686e-08	
3.73440e-08	
3.31187e-08	
2.88297e-08	
2.44838e-08	
2.00959e-08	
1.56711e-08	
1.12204e-08	
6.73737e-09	
2.24709e-09	
4.02380e-08	
3.62363e-08	
3.21366e-08	
2.79744e-08	
2.37564e-08	
1.94977e-08	
1.52036e-08	
1.08849e-08	
6.53573e-09	
2.17979e-09	
3.90674e-08	
3.51827e-08	
3.12026e-08	
2.71611e-08	
2.30649e-08	
1.89291e-08	
1.47593e-08	
1.05661e-08	
6.34414e-09	
2.11586e-09	
3.79532e-08	
3.41800e-08	
3.03138e-08	
2.63872e-08	
2.24070e-08	
1.83881e-08	
1.43367e-08	
1.02629e-08	
6.16197e-09	
2.05508e-09	
3.68920e-08	
3.32251e-08	
2.94674e-08	
2.56503e-08	
2.17806e-08	
1.78732e-08	
1.39344e-08	
9.97440e-09	
5.98863e-09	
1.99724e-09	
3.58807e-08	
3.23152e-08	
2.86610e-08	
2.49483e-08	
2.11839e-08	
1.73828e-08	
1.35514e-08	
9.69972e-09	
5.82361e-09	
1.94218e-09	
3.49166e-08	
3.14477e-08	
2.78923e-08	
2.42791e-08	
2.06152e-08	
1.69154e-08	
1.31864e-08	
9.43805e-09	
5.66641e-09	
1.88973e-09	
3.39969e-08	
3.06204e-08	
2.71592e-08	
2.36410e-08	
2.00729e-08	
1.64698e-08	
1.28385e-08	
9.18862e-09	
5.51657e-09	
1.83974e-09	
3.31193e-08	
2.98308e-08	
2.64596e-08	
2.30321e-08	
1.95555e-08	
1.60447e-08	
1.25067e-08	
8.95075e-09	
5.37368e-09	
1.79207e-09	
3.22814e-08	
2.90771e-08	
2.57918e-08	
2.24509e-08	
1.90616e-08	
1.56390e-08	
1.21900e-08	
8.72378e-09	
5.23734e-09	
1.74659e-09	
3.14811e-08	
2.83572e-08	
2.51539e-08	
2.18958e-08	
1.85900e-08	
1.52517e-08	
1.18876e-08	
8.50711e-09	
5.10720e-09	
1.70317e-09	
3.07162e-08	
2.76692e-08	
2.45445e-08	
2.13654e-08	
1.81395e-08	
1.48816e-08	
1.15988e-08	
8.30016e-09	
4.98290e-09	
1.66171e-09	
2.99850e-08	
2.70115e-08	
2.39618e-08	
2.08585e-08	
1.77088e-08	
1.45279e-08	
1.13228e-08	
8.10241e-09	
4.86413e-09	
1.62209e-09	
2.92857e-08	
2.63825e-08	
2.34046e-08	
2.03736e-08	
1.72970e-08	
1.41897e-08	
1.10589e-08	
7.91335e-09	
4.75058e-09	
1.58421e-09	
2.86165e-08	
2.57806e-08	
2.28715e-08	
1.99097e-08	
1.69030e-08	
1.38661e-08	
1.08065e-08	
7.73253e-09	
4.64198e-09	
1.54798e-09	
2.79758e-08	
2.52045e-08	
2.23611e-08	
1.94657e-08	
1.65258e-08	
1.35565e-08	
1.05649e-08	
7.55949e-09	
4.53807e-09	
1.51332e-09	
2.73623e-08	
2.46527e-08	
2.18723e-08	
1.90404e-08	
1.61647e-08	
1.32600e-08	
1.03336e-08	
7.39383e-09	
4.43858e-09	
1.48014e-09	
2.67744e-08	
2.41239e-08	
2.14040e-08	
1.86330e-08	
1.58187e-08	
1.29760e-08	
1.01121e-08	
7.23516e-09	
4.34329e-09	
1.44835e-09	
2.62109e-08	
2.36171e-08	
2.09551e-08	
1.82425e-08	
1.54871e-08	
1.27037e-08	
9.89978e-09	
7.08312e-09	
4.25198e-09	
1.41790e-09	
2.56705e-08	
2.31311e-08	
2.05247e-08	
1.78680e-08	
1.51691e-08	
1.24427e-08	
9.69621e-09	
6.93734e-09	
4.16445e-09	
1.38870e-09	
2.51519e-08	
2.26648e-08	
2.01116e-08	
1.75087e-08	
1.48640e-08	
1.21923e-08	
9.50095e-09	
6.79753e-09	
4.08049e-09	
1.36069e-09	
