1.78200e-12
0.00000e+00	0.00000e+00	0.00000e+00	0.00000e+00	0.00000e+00	0.00000e+00	0.00000e+00	0.00000e+00	0.00000e+00	0.00000e+00	0.00000e+00	0.00000e+00	0.00000e+00	0.00000e+00	0.00000e+00	0.00000e+00	0.00000e+00	0.00000e+00	0.00000e+00	0.00000e+00	
1.67998e-12
8.07029e-03	7.67631e-03	7.28681e-03	6.89448e-03	6.51032e-03	6.13377e-03	5.75770e-03	5.38300e-03	5.01810e-03	4.65493e-03	4.28785e-03	3.93209e-03	3.58055e-03	3.22644e-03	2.87774e-03	2.53467e-03	2.18984e-03	1.84524e-03	1.50761e-03	1.17030e-03	
1.58549e-12
8.71190e-03	8.32227e-03	7.93344e-03	7.53806e-03	7.14721e-03	6.76042e-03	6.37044e-03	5.97817e-03	5.59260e-03	5.20539e-03	4.81058e-03	4.42470e-03	4.04036e-03	3.65028e-03	3.26344e-03	2.88038e-03	2.49313e-03	2.10414e-03	1.72135e-03	1.33752e-03	
1.49176e-12
8.77908e-03	8.38990e-03	8.00114e-03	7.60545e-03	7.21390e-03	6.82604e-03	6.43460e-03	6.04048e-03	5.65275e-03	5.26302e-03	4.86530e-03	4.47627e-03	4.08850e-03	3.69466e-03	3.30382e-03	2.91657e-03	2.52488e-03	2.13124e-03	1.74373e-03	1.35502e-03	
1.39811e-12
8.78633e-03	8.39719e-03	8.00844e-03	7.61271e-03	7.22108e-03	6.83311e-03	6.44152e-03	6.04720e-03	5.65923e-03	5.26923e-03	4.87119e-03	4.48183e-03	4.09368e-03	3.69944e-03	3.30816e-03	2.92047e-03	2.52829e-03	2.13416e-03	1.74613e-03	1.35691e-03	
1.30447e-12
8.78725e-03	8.39812e-03	8.00937e-03	7.61363e-03	7.22200e-03	6.83401e-03	6.44240e-03	6.04805e-03	5.66005e-03	5.27001e-03	4.87194e-03	4.48253e-03	4.09434e-03	3.70004e-03	3.30871e-03	2.92096e-03	2.52872e-03	2.13452e-03	1.74643e-03	1.35714e-03	
1.21083e-12
8.78748e-03	8.39835e-03	8.00959e-03	7.61385e-03	7.22221e-03	6.83422e-03	6.44261e-03	6.04825e-03	5.66025e-03	5.27020e-03	4.87211e-03	4.48270e-03	4.09449e-03	3.70019e-03	3.30884e-03	2.92108e-03	2.52882e-03	2.13461e-03	1.74651e-03	1.35720e-03	
1.11720e-12
8.78760e-03	8.39847e-03	8.00971e-03	7.61397e-03	7.22233e-03	6.83434e-03	6.44273e-03	6.04837e-03	5.66036e-03	5.27030e-03	4.87221e-03	4.48279e-03	4.09457e-03	3.70026e-03	3.30891e-03	2.92114e-03	2.52888e-03	2.13466e-03	1.74654e-03	1.35723e-03	
1.02356e-12
8.78770e-03	8.39857e-03	8.00981e-03	7.61407e-03	7.22243e-03	6.83444e-03	6.44282e-03	6.04845e-03	5.66044e-03	5.27038e-03	4.87228e-03	4.48286e-03	4.09464e-03	3.70032e-03	3.30897e-03	2.92119e-03	2.52892e-03	2.13469e-03	1.74657e-03	1.35725e-03	
9.29921e-13
8.78778e-03	8.39865e-03	8.00989e-03	7.61415e-03	7.22251e-03	6.83452e-03	6.44290e-03	6.04853e-03	5.66051e-03	5.27045e-03	4.87235e-03	4.48292e-03	4.09470e-03	3.70038e-03	3.30901e-03	2.92123e-03	2.52896e-03	2.13472e-03	1.74660e-03	1.35727e-03	
8.36285e-13
8.78785e-03	8.39872e-03	8.00996e-03	7.61422e-03	7.22258e-03	6.83459e-03	6.44297e-03	6.04860e-03	5.66057e-03	5.27051e-03	4.87241e-03	4.48297e-03	4.09475e-03	3.70042e-03	3.30906e-03	2.92127e-03	2.52899e-03	2.13475e-03	1.74662e-03	1.35729e-03	
7.42649e-13
8.78792e-03	8.39879e-03	8.01003e-03	7.61429e-03	7.22265e-03	6.83465e-03	6.44303e-03	6.04866e-03	5.66063e-03	5.27056e-03	4.87246e-03	4.48302e-03	4.09479e-03	3.70047e-03	3.30909e-03	2.92130e-03	2.52902e-03	2.13478e-03	1.74664e-03	1.35730e-03	
6.49012e-13
8.78798e-03	8.39885e-03	8.01009e-03	7.61435e-03	7.22271e-03	6.83471e-03	6.44309e-03	6.04871e-03	5.66069e-03	5.27061e-03	4.87251e-03	4.48306e-03	4.09483e-03	3.70050e-03	3.30913e-03	2.92133e-03	2.52905e-03	2.13480e-03	1.74666e-03	1.35732e-03	
5.55376e-13
8.78804e-03	8.39891e-03	8.01015e-03	7.61441e-03	7.22277e-03	6.83477e-03	6.44314e-03	6.04877e-03	5.66074e-03	5.27066e-03	4.87255e-03	4.48311e-03	4.09487e-03	3.70054e-03	3.30916e-03	2.92136e-03	2.52907e-03	2.13482e-03	1.74668e-03	1.35733e-03	
4.61741e-13
8.78810e-03	8.39897e-03	8.01021e-03	7.61446e-03	7.22282e-03	6.83482e-03	6.44320e-03	6.04882e-03	5.66079e-03	5.27071e-03	4.87259e-03	4.48315e-03	4.09491e-03	3.70058e-03	3.30919e-03	2.92139e-03	2.52910e-03	2.13484e-03	1.74670e-03	1.35735e-03	
3.68105e-13
8.78815e-03	8.39902e-03	8.01026e-03	7.61452e-03	7.22287e-03	6.83487e-03	6.44325e-03	6.04887e-03	5.66083e-03	5.27075e-03	4.87264e-03	4.48319e-03	4.09495e-03	3.70061e-03	3.30923e-03	2.92142e-03	2.52912e-03	2.13486e-03	1.74671e-03	1.35736e-03	
2.74470e-13
8.78821e-03	8.39907e-03	8.01031e-03	7.61457e-03	7.22292e-03	6.83492e-03	6.44330e-03	6.04891e-03	5.66088e-03	5.27079e-03	4.87268e-03	4.48322e-03	4.09498e-03	3.70064e-03	3.30925e-03	2.92144e-03	2.52914e-03	2.13488e-03	1.74673e-03	1.35737e-03	
1.80834e-13
8.78826e-03	8.39912e-03	8.01036e-03	7.61462e-03	7.22297e-03	6.83497e-03	6.44334e-03	6.04896e-03	5.66092e-03	5.27083e-03	4.87271e-03	4.48326e-03	4.09502e-03	3.70067e-03	3.30928e-03	2.92147e-03	2.52916e-03	2.13490e-03	1.74674e-03	1.35738e-03	
8.71991e-14
8.78830e-03	8.39917e-03	8.01041e-03	7.61466e-03	7.22302e-03	6.83502e-03	6.44339e-03	6.04900e-03	5.66096e-03	5.27087e-03	4.87275e-03	4.48329e-03	4.09505e-03	3.70070e-03	3.30931e-03	2.92149e-03	2.52918e-03	2.13492e-03	1.74676e-03	1.35740e-03	
-7.48324e-19
6.67750e-03	6.63553e-03	6.55241e-03	6.42738e-03	6.26582e-03	6.07095e-03	5.84220e-03	5.58290e-03	5.30279e-03	4.99949e-03	4.67116e-03	4.33472e-03	3.98690e-03	3.62346e-03	3.25480e-03	2.88343e-03	2.50306e-03	2.11728e-03	1.73493e-03	1.34957e-03	
-7.48324e-19
1.00764e-03	1.00292e-03	9.93561e-04	9.79338e-04	9.60685e-04	9.37757e-04	9.10233e-04	8.78156e-04	8.42526e-04	8.02786e-04	7.58411e-04	7.11475e-04	6.61387e-04	6.07398e-04	5.50929e-04	4.92424e-04	4.30935e-04	3.67109e-04	3.02570e-04	2.36425e-04	
-7.48324e-19
1.60218e-04	1.59450e-04	1.57949e-04	1.55682e-04	1.52717e-04	1.49078e-04	1.44715e-04	1.39594e-04	1.33915e-04	1.27588e-04	1.20529e-04	1.13068e-04	1.05112e-04	9.65392e-05	8.75536e-05	7.82482e-05	6.84718e-05	5.83270e-05	4.80714e-05	3.75624e-05	
-7.48324e-19
2.68835e-05	2.67403e-05	2.64788e-05	2.60934e-05	2.55958e-05	2.49899e-05	2.42673e-05	2.33926e-05	2.24287e-05	2.13604e-05	2.01735e-05	1.89233e-05	1.75937e-05	1.61643e-05	1.46518e-05	1.30887e-05	1.14492e-05	9.75028e-06	8.03475e-06	6.27838e-06	
-7.48324e-19
5.69966e-06	5.65785e-06	5.59465e-06	5.50879e-06	5.40292e-06	5.27783e-06	5.13169e-06	4.93396e-06	4.72094e-06	4.48919e-06	4.23556e-06	3.97172e-06	3.69399e-06	3.39794e-06	3.07374e-06	2.74118e-06	2.39455e-06	2.03720e-06	1.67787e-06	1.31120e-06	
-7.48324e-19
2.20427e-06	2.18062e-06	2.15102e-06	2.11495e-06	2.07358e-06	2.02714e-06	1.97497e-06	1.89051e-06	1.80249e-06	1.70941e-06	1.60998e-06	1.50867e-06	1.40392e-06	1.29391e-06	1.16636e-06	1.03713e-06	9.03827e-07	7.67603e-07	6.31615e-07	4.93653e-07	
-7.48324e-19
1.53826e-06	1.51899e-06	1.49639e-06	1.47007e-06	1.44092e-06	1.40907e-06	1.37407e-06	1.31223e-06	1.24873e-06	1.18250e-06	1.11259e-06	1.04212e-06	9.69953e-07	8.94776e-07	8.05062e-07	7.14729e-07	6.22055e-07	5.27790e-07	4.34054e-07	3.39256e-07	
-7.48324e-19
1.34864e-06	1.33117e-06	1.31092e-06	1.28756e-06	1.26186e-06	1.23396e-06	1.20346e-06	1.14865e-06	1.09256e-06	1.03423e-06	9.72815e-07	9.11062e-07	8.47949e-07	7.82333e-07	7.03583e-07	6.24403e-07	5.43271e-07	4.60833e-07	3.78932e-07	2.96161e-07	
-7.48324e-19
1.25356e-06	1.23723e-06	1.21832e-06	1.19653e-06	1.17257e-06	1.14658e-06	1.11819e-06	1.06717e-06	1.01497e-06	9.60693e-07	9.03582e-07	8.46173e-07	7.87518e-07	7.26553e-07	6.53370e-07	5.79802e-07	5.04434e-07	4.27866e-07	3.51806e-07	2.74949e-07	
-7.48324e-19
1.18586e-06	1.17041e-06	1.15249e-06	1.13184e-06	1.10914e-06	1.08452e-06	1.05761e-06	1.00934e-06	9.59947e-07	9.08594e-07	8.54556e-07	8.00237e-07	7.44739e-07	6.87056e-07	6.17844e-07	5.48268e-07	4.76991e-07	4.04580e-07	3.32651e-07	2.59967e-07	
-7.48324e-19
1.13065e-06	1.11591e-06	1.09882e-06	1.07912e-06	1.05745e-06	1.03395e-06	1.00827e-06	9.62240e-07	9.15147e-07	8.66180e-07	8.14653e-07	7.62855e-07	7.09932e-07	6.54926e-07	5.88947e-07	5.22622e-07	4.54674e-07	3.85645e-07	3.17075e-07	2.47786e-07	
-7.48324e-19
1.08297e-06	1.06885e-06	1.05247e-06	1.03359e-06	1.01283e-06	9.90305e-07	9.65690e-07	9.21600e-07	8.76489e-07	8.29583e-07	7.80224e-07	7.30605e-07	6.79910e-07	6.27219e-07	5.64027e-07	5.00504e-07	4.35427e-07	3.69315e-07	3.03643e-07	2.37282e-07	
-7.48324e-19
1.04044e-06	1.02686e-06	1.01112e-06	9.92976e-07	9.73024e-07	9.51380e-07	9.27726e-07	8.85362e-07	8.42017e-07	7.96949e-07	7.49524e-07	7.01852e-07	6.53147e-07	6.02524e-07	5.41815e-07	4.80789e-07	4.18271e-07	3.54759e-07	2.91671e-07	2.27922e-07	
-7.48324e-19
1.00168e-06	9.88602e-07	9.73441e-07	9.55965e-07	9.36754e-07	9.15914e-07	8.93142e-07	8.52348e-07	8.10611e-07	7.67216e-07	7.21555e-07	6.75658e-07	6.28768e-07	5.80032e-07	5.21584e-07	4.62832e-07	4.02644e-07	3.41501e-07	2.80767e-07	2.19397e-07	
-7.48324e-19
9.65854e-07	9.53231e-07	9.38605e-07	9.21749e-07	9.03223e-07	8.83130e-07	8.61177e-07	8.21831e-07	7.81579e-07	7.39732e-07	6.95702e-07	6.51446e-07	6.06235e-07	5.59247e-07	5.02887e-07	4.46235e-07	3.88202e-07	3.29248e-07	2.70690e-07	2.11520e-07	
-7.48324e-19
9.32415e-07	9.20216e-07	9.06087e-07	8.89811e-07	8.71925e-07	8.52530e-07	8.31343e-07	7.93348e-07	7.54482e-07	7.14078e-07	6.71570e-07	6.28847e-07	5.85204e-07	5.39848e-07	4.85437e-07	4.30746e-07	3.74723e-07	3.17813e-07	2.61286e-07	2.04170e-07	
-7.48324e-19
9.01003e-07	8.89201e-07	8.75538e-07	8.59805e-07	8.42521e-07	8.23783e-07	8.03317e-07	7.66590e-07	7.29024e-07	6.89976e-07	6.48899e-07	6.07616e-07	5.65447e-07	5.21625e-07	4.69045e-07	4.16195e-07	3.62061e-07	3.07071e-07	2.52453e-07	1.97267e-07	
-7.48324e-19
8.71368e-07	8.59939e-07	8.46715e-07	8.31494e-07	8.14778e-07	7.96660e-07	7.76874e-07	7.41342e-07	7.05003e-07	6.67234e-07	6.27506e-07	5.87583e-07	5.46806e-07	5.04432e-07	4.53578e-07	4.02466e-07	3.50114e-07	2.96936e-07	2.44119e-07	1.90754e-07	
-7.48324e-19
8.43329e-07	8.32250e-07	8.19441e-07	8.04703e-07	7.88524e-07	7.70993e-07	7.51852e-07	7.17450e-07	6.82271e-07	6.45713e-07	6.07261e-07	5.68625e-07	5.29165e-07	4.88163e-07	4.38942e-07	3.89474e-07	3.38808e-07	2.87345e-07	2.36233e-07	1.84592e-07	
-7.48324e-19
8.16745e-07	8.05998e-07	7.93580e-07	7.79300e-07	7.63630e-07	7.46656e-07	7.28127e-07	6.94796e-07	6.60716e-07	6.25305e-07	5.88064e-07	5.50648e-07	5.12437e-07	4.72736e-07	4.25064e-07	3.77155e-07	3.28088e-07	2.78251e-07	2.28756e-07	1.78750e-07	
-7.48324e-19
7.91507e-07	7.81073e-07	7.69025e-07	7.55180e-07	7.39993e-07	7.23547e-07	7.05599e-07	6.73284e-07	6.40248e-07	6.05925e-07	5.69834e-07	5.33577e-07	4.96553e-07	4.58087e-07	4.11885e-07	3.65457e-07	3.17908e-07	2.69616e-07	2.21656e-07	1.73203e-07	
-7.48324e-19
7.67519e-07	7.57381e-07	7.45686e-07	7.32253e-07	7.17525e-07	7.01581e-07	6.84186e-07	6.52836e-07	6.20791e-07	5.87503e-07	5.52505e-07	5.17349e-07	4.81453e-07	4.44163e-07	3.99358e-07	3.54337e-07	3.08232e-07	2.61407e-07	2.14908e-07	1.67931e-07	
-7.48324e-19
7.44701e-07	7.34845e-07	7.23483e-07	7.10442e-07	6.96150e-07	6.80684e-07	6.63815e-07	6.33382e-07	6.02281e-07	5.69977e-07	5.36018e-07	5.01910e-07	4.67088e-07	4.30916e-07	3.87441e-07	3.43758e-07	2.99026e-07	2.53598e-07	2.08487e-07	1.62915e-07	
-7.48324e-19
7.22982e-07	7.13393e-07	7.02348e-07	6.89679e-07	6.75802e-07	6.60792e-07	6.44423e-07	6.14863e-07	5.84659e-07	5.53292e-07	5.20322e-07	4.87213e-07	4.53413e-07	4.18305e-07	3.76095e-07	3.33686e-07	2.90261e-07	2.46164e-07	2.02375e-07	1.58141e-07	
-7.48324e-19
7.02296e-07	6.92960e-07	6.82218e-07	6.69903e-07	6.56421e-07	6.41844e-07	6.25953e-07	5.97224e-07	5.67873e-07	5.37399e-07	5.05372e-07	4.73212e-07	4.40386e-07	4.06292e-07	3.65288e-07	3.24093e-07	2.81913e-07	2.39082e-07	1.96554e-07	1.53593e-07	
-7.48324e-19
6.82585e-07	6.73490e-07	6.63034e-07	6.51057e-07	6.37952e-07	6.23787e-07	6.08351e-07	5.80413e-07	5.51877e-07	5.22252e-07	4.91123e-07	4.59870e-07	4.27972e-07	3.94845e-07	3.54989e-07	3.14950e-07	2.73957e-07	2.32334e-07	1.91006e-07	1.49260e-07	
-7.48324e-19
6.63794e-07	6.54927e-07	6.44745e-07	6.33089e-07	6.20342e-07	6.06571e-07	5.91569e-07	5.64386e-07	5.36625e-07	5.07810e-07	4.77537e-07	4.47148e-07	4.16135e-07	3.83930e-07	3.45169e-07	3.06233e-07	2.66371e-07	2.25899e-07	1.85716e-07	1.45128e-07	
-7.48324e-19
6.45871e-07	6.37222e-07	6.27299e-07	6.15950e-07	6.03545e-07	5.90150e-07	5.75561e-07	5.49097e-07	5.22076e-07	4.94034e-07	4.64578e-07	4.35012e-07	4.04844e-07	3.73519e-07	3.35802e-07	2.97917e-07	2.59135e-07	2.19761e-07	1.80670e-07	1.41187e-07	
-7.48324e-19
6.28768e-07	6.20327e-07	6.10652e-07	5.99595e-07	5.87517e-07	5.74480e-07	5.60286e-07	5.34508e-07	5.08192e-07	4.80888e-07	4.52211e-07	4.23432e-07	3.94069e-07	3.63584e-07	3.26863e-07	2.89982e-07	2.52229e-07	2.13903e-07	1.75855e-07	1.37426e-07	
-7.48324e-19
6.12442e-07	6.04198e-07	5.94760e-07	5.83981e-07	5.72215e-07	5.59520e-07	5.45703e-07	5.20580e-07	4.94938e-07	4.68337e-07	4.40404e-07	4.12375e-07	3.83782e-07	3.54099e-07	3.18329e-07	2.82406e-07	2.45637e-07	2.08311e-07	1.71258e-07	1.33835e-07	
-7.48324e-19
5.96850e-07	5.88795e-07	5.79582e-07	5.69069e-07	5.57600e-07	5.45232e-07	5.31776e-07	5.07278e-07	4.82278e-07	4.56350e-07	4.29127e-07	4.01816e-07	3.73957e-07	3.45040e-07	3.10178e-07	2.75170e-07	2.39340e-07	2.02970e-07	1.66867e-07	1.30406e-07	
-7.48324e-19
5.81953e-07	5.74077e-07	5.65079e-07	5.54821e-07	5.43636e-07	5.31580e-07	5.18469e-07	4.94567e-07	4.70182e-07	4.44896e-07	4.18352e-07	3.91726e-07	3.64570e-07	3.36384e-07	3.02390e-07	2.68256e-07	2.33324e-07	1.97866e-07	1.62672e-07	1.27130e-07	
-7.48324e-19
5.67713e-07	5.60009e-07	5.51217e-07	5.41201e-07	5.30288e-07	5.18531e-07	5.05749e-07	4.82418e-07	4.58620e-07	4.33948e-07	4.08053e-07	3.82081e-07	3.55597e-07	3.28111e-07	2.94946e-07	2.61648e-07	2.27573e-07	1.92988e-07	1.58662e-07	1.23998e-07	
-7.48324e-19
5.54097e-07	5.46557e-07	5.37961e-07	5.28178e-07	5.17524e-07	5.06052e-07	4.93586e-07	4.70800e-07	4.47563e-07	4.23478e-07	3.98204e-07	3.72858e-07	3.47016e-07	3.20199e-07	2.87828e-07	2.55328e-07	2.22073e-07	1.88323e-07	1.54827e-07	1.21003e-07	
-7.48324e-19
5.41072e-07	5.33688e-07	5.25280e-07	5.15718e-07	5.05313e-07	4.94115e-07	4.81950e-07	4.59686e-07	4.36986e-07	4.13462e-07	3.88781e-07	3.64035e-07	3.38807e-07	3.12631e-07	2.81018e-07	2.49282e-07	2.16812e-07	1.83860e-07	1.51158e-07	1.18138e-07	
-7.48324e-19
5.28606e-07	5.21371e-07	5.13143e-07	5.03794e-07	4.93627e-07	4.82690e-07	4.70813e-07	4.49049e-07	4.26863e-07	4.03876e-07	3.79763e-07	3.55591e-07	3.30951e-07	3.05387e-07	2.74500e-07	2.43496e-07	2.11777e-07	1.79589e-07	1.47647e-07	1.15396e-07	
-7.48324e-19
5.16670e-07	5.09579e-07	5.01523e-07	4.92377e-07	4.82437e-07	4.71751e-07	4.60151e-07	4.38864e-07	4.17170e-07	3.94697e-07	3.71129e-07	3.47505e-07	3.23429e-07	2.98452e-07	2.68260e-07	2.37956e-07	2.06955e-07	1.75500e-07	1.44286e-07	1.12771e-07	
-7.48324e-19
5.05237e-07	4.98283e-07	4.90392e-07	4.81440e-07	4.71719e-07	4.61273e-07	4.49938e-07	4.29108e-07	4.07885e-07	3.85906e-07	3.62858e-07	3.39761e-07	3.16223e-07	2.91809e-07	2.62283e-07	2.32650e-07	2.02337e-07	1.71583e-07	1.41066e-07	1.10256e-07	
-7.48324e-19
4.94281e-07	4.87458e-07	4.79725e-07	4.70960e-07	4.61448e-07	4.51232e-07	4.40151e-07	4.19760e-07	3.98988e-07	3.77481e-07	3.54933e-07	3.32340e-07	3.09319e-07	2.85443e-07	2.56555e-07	2.27565e-07	1.97912e-07	1.67829e-07	1.37980e-07	1.07847e-07	
-7.48324e-19
4.83777e-07	4.77081e-07	4.69499e-07	4.60913e-07	4.51602e-07	4.41606e-07	4.30768e-07	4.10798e-07	3.90459e-07	3.69404e-07	3.47335e-07	3.25225e-07	3.02700e-07	2.79341e-07	2.51064e-07	2.22690e-07	1.93670e-07	1.64230e-07	1.35022e-07	1.05537e-07	
-7.48324e-19
4.73703e-07	4.67127e-07	4.59690e-07	4.51277e-07	4.42158e-07	4.32373e-07	4.21769e-07	4.02202e-07	3.82279e-07	3.61658e-07	3.40048e-07	3.18401e-07	2.96352e-07	2.73488e-07	2.45798e-07	2.18014e-07	1.89601e-07	1.60779e-07	1.32185e-07	1.03321e-07	
-7.48324e-19
4.64036e-07	4.57577e-07	4.50279e-07	4.42030e-07	4.33096e-07	4.23515e-07	4.13135e-07	3.93955e-07	3.74429e-07	3.54225e-07	3.33056e-07	3.11854e-07	2.90261e-07	2.67873e-07	2.40745e-07	2.13528e-07	1.85697e-07	1.57467e-07	1.29463e-07	1.01195e-07	
