0.00000e+00	
4.27291e-04	
4.89614e-04	
4.96138e-04	
4.96840e-04	
4.96929e-04	
4.96950e-04	
4.96961e-04	
4.96970e-04	
4.96978e-04	
4.96984e-04	
4.96990e-04	
4.96996e-04	
4.97002e-04	
4.97007e-04	
4.97012e-04	
4.97016e-04	
4.97021e-04	
4.97025e-04	
4.95203e-04	
8.78350e-05	
1.39585e-05	
2.33607e-06	
4.90254e-07	
1.86112e-07	
1.28439e-07	
1.12196e-07	
1.04139e-07	
9.84351e-08	
9.37982e-08	
8.98035e-08	
8.62470e-08	
8.30117e-08	
8.00253e-08	
7.72413e-08	
7.46286e-08	
7.21658e-08	
6.98371e-08	
6.76307e-08	
6.55368e-08	
6.35476e-08	
6.16561e-08	
5.98562e-08	
5.81424e-08	
5.65098e-08	
5.49536e-08	
5.34697e-08	
5.20539e-08	
5.07026e-08	
4.94122e-08	
4.81795e-08	
4.70014e-08	
4.58749e-08	
4.47974e-08	
4.37663e-08	
4.27791e-08	
4.18336e-08	
4.09277e-08	
4.00592e-08	
3.92262e-08	
3.84271e-08	
